P 11.6571442729 10.4996854494 0 11 5
P 1.57494496882 10.7202287262 1 100 5
P 21.739343577 10.2791421726 2 100 5
P 9.00896374748 16.0534935939 0 2 1
P 14.3053247983 4.94587730493 0 2 1
P 6.03157866549 16.7050678084 0 80 3
P 17.2827098803 4.2943030904 0 80 3
P 3.64564055894 16.076426828 0 12 3
P 19.6686479869 4.92294407085 0 12 3
P 12.8585095886 13.4685314425 0 83 2
P 10.4557789572 7.53083945635 0 83 2
P 2.31283414501 18.7044398538 0 20 2
P 21.0014544008 2.29493104509 0 20 2
P 0.0 16.5393682709 0 75 2
P 23.3142885458 4.46000262794 0 75 2
P 17.8337011374 6.48323019554 0 2 1
P 5.48058740845 14.5161407033 0 2 1
P 9.72989485994 9.14969396021 0 22 3
P 13.5843936859 11.8496769386 0 22 3
P 8.76645868461 11.9687108333 0 41 4
P 14.5478298612 9.03066006552 0 41 4
P 9.09581070258 0.0 0 41 4
P 14.2184778432 20.9993708988 0 41 4
