P 10.6277162381 11.4214166271 0 99 1
P 4.5664270067 13.2932852412 1 100 5
P 16.6890054694 9.54954801304 2 100 5
P 20.2168915269 7.78908182971 0 31 3
P 1.03854094921 15.0537514245 0 31 3
P 12.0977302865 15.2142031374 0 58 5
P 9.15770218962 7.62863011678 0 58 5
P 19.19596219 21.7342193309 0 55 4
P 2.05947028614 1.10861392326 0 55 4
P 0.0 17.8156539937 0 52 2
P 21.2554324761 5.02717926047 0 52 2
P 7.92220174985 11.2447605824 0 12 5
P 13.3332307263 11.5980726718 0 12 5
P 10.320041801 1.63308127331 0 58 2
P 10.9353906751 21.2097519809 0 58 2
P 7.8069575546 0.0 0 72 3
P 13.4484749215 22.8428332542 0 72 3
P 10.2395646431 3.3859740902 0 14 5
P 11.015867833 19.456859164 0 14 5
P 2.22041731535 3.95681752451 0 14 3
P 19.0350151608 18.8860157297 0 14 3
P 20.6816966538 19.7913888624 0 85 4
P 0.573735822335 3.05144439177 0 85 4
