P 10.9462142783 11.7571388049 0 15 4
P 18.033071482 20.1129893546 1 100 5
P 3.85935707472 3.40128825511 2 100 5
P 19.2826666634 9.50695040005 0 61 2
P 2.6097618933 14.0073272097 0 61 2
P 4.98803321494 6.55584398927 0 15 2
P 16.9043953417 16.9584336205 0 15 2
P 17.8198951395 5.6245678102 0 79 3
P 4.07253341715 17.8897097996 0 79 3
P 12.9362327012 0.298719287095 0 36 1
P 8.95619585546 23.2155583227 0 36 1
P 0.0 23.5142776098 0 43 1
P 21.8924285567 0.0 0 43 1
P 13.7299496073 13.8857860803 0 59 2
P 8.16247894941 9.62849152945 0 59 2
P 7.9460755228 4.99828064251 0 87 2
P 13.9463530339 18.5159969673 0 87 2
P 5.11878762985 4.42057885479 0 26 1
P 16.7736409268 19.093698755 0 26 1
P 17.7782398876 11.674772355 0 62 1
P 4.11418866912 11.8395052548 0 62 1
P 20.8113361481 21.049950329 0 38 5
P 1.08109240856 2.46432728074 0 38 5
