P 10.8610999588 11.5077983282 0 142 4
P 19.4857175771 6.66493271138 1 100 5
P 2.23648234046 16.350663945 2 100 5
P 10.6859199111 21.855473175 0 85 4
P 11.0362800064 1.16012348136 0 85 4
P 20.0403626946 14.2637428597 0 70 2
P 1.68183722295 8.75185379669 0 70 2
P 0.0 14.8261466405 0 25 1
P 21.7221999175 8.18945001582 0 25 1
P 18.935977907 22.1450164421 0 70 4
P 2.78622201053 0.870580214213 0 70 4
P 10.6693208247 12.8167038949 0 1 1
P 11.0528790928 10.1988927615 0 1 1
P 1.00455828402 5.46107926801 0 66 2
P 20.7176416335 17.5545173883 0 66 2
P 5.64313652319 19.3454545158 0 30 3
P 16.0790633943 3.67014214054 0 30 3
P 7.59731259035 16.3686844677 0 60 4
P 14.1248873272 6.64691218866 0 60 4
P 7.67569685652 23.0155966564 0 6 4
P 14.046503061 0.0 0 6 4
P 4.36898788637 20.0266106313 0 73 2
P 17.3532120312 2.98898602502 0 73 2
