P 10.621907827 8.3039102829 0 129 0
P 10.5149046333 1.74814565724 1 100 5
P 10.7289110208 14.8596749086 2 100 5
P 13.951590621 15.5021334552 0 88 2
P 7.29222503313 1.10568711064 0 88 2
P 2.20784689006 13.3723254719 0 87 4
P 19.035968764 3.23549509392 0 87 4
P 5.82989493358 0.0 0 90 1
P 15.4139207205 16.6078205658 0 90 1
P 13.1748525863 11.5105553302 0 1 4
P 8.06896306774 5.09726523563 0 1 4
P 21.2438156541 1.35537118791 0 8 2
P 0.0 15.2524493779 0 8 2
P 16.3124829284 1.65602060561 0 8 1
P 4.93133272564 14.9517999602 0 8 1
P 7.99648652458 7.85089597138 0 24 3
P 13.2473291295 8.75692459442 0 24 3
P 19.6568777236 1.68199312925 0 3 2
P 1.58693793049 14.9258274366 0 3 2
P 9.85970995357 10.8740747551 0 76 2
P 11.3841057005 5.73374581071 0 76 2
P 2.06749431482 1.75423614912 0 80 5
P 19.1763213393 14.8535844167 0 80 5
