P 11.3048151324 10.7906636779 0 128 2
P 0.926306710455 21.4951608387 1 100 5
P 21.6833235543 0.0861665171257 2 100 5
P 3.53503048131 2.05360030237 0 29 3
P 19.0745997835 19.5277270534 0 29 3
P 2.98054245891 5.63993068307 0 55 2
P 19.6290878059 15.9413966727 0 55 2
P 6.14783122991 0.0 0 16 3
P 16.4617990349 21.5813273558 0 16 3
P 1.60219954522 1.15184580925 0 84 2
P 21.0074307196 20.4294815465 0 84 2
P 18.4899711777 5.70675699716 0 24 3
P 4.1196590871 15.8745703586 0 24 3
P 1.66296447686 8.24043662284 0 4 4
P 20.9466657879 13.340890733 0 4 4
P 2.10161565086 3.35617650676 0 26 1
P 20.5080146139 18.225150849 0 26 1
P 0.0 4.82283856102 0 20 2
P 22.6096302648 16.7584887948 0 20 2
P 4.80817080248 8.35581237424 0 19 4
P 17.8014594623 13.2255149816 0 19 4
P 8.30237642052 16.1464692904 0 61 3
P 14.3072538443 5.43485806543 0 61 3
