P 10.6477392189 11.1334990853 0 95 4
P 17.9360986046 21.4769040729 1 100 5
P 3.35937983321 0.790094097678 2 100 5
P 9.77155043268 13.3962729895 0 3 4
P 11.5239280052 8.87072518103 0 3 4
P 6.44260734102 22.2669981706 0 79 5
P 14.8528710968 0.0 0 79 5
P 0.0 0.914137120628 0 27 4
P 21.2954784378 21.3528610499 0 27 4
P 14.3971410253 7.6028871258 0 50 4
P 6.89833741253 14.6641110448 0 50 4
P 20.7787382368 6.29264829403 0 21 2
P 0.51674020099 15.9743498765 0 21 2
P 19.6030849985 18.0455240368 0 78 3
P 1.69239343932 4.22147413379 0 78 3
P 19.1937056734 10.5480335449 0 19 3
P 2.10177276447 11.7189646257 0 19 3
P 16.8570162465 18.3841423592 0 3 4
P 4.43846219134 3.88285581133 0 3 4
P 8.38982755674 10.6724746148 0 29 3
P 12.9056508811 11.5945235557 0 29 3
P 2.65868304442 10.2352897579 0 40 1
P 18.6367953934 12.0317084127 0 40 1
