P 11.0145481174 9.36285648301 0 104 4
P 5.5184459719 18.725712966 1 100 5
P 16.5106502628 0.0 2 100 5
P 18.5712990177 14.3741959599 0 53 1
P 3.45779721706 4.35151700608 0 53 1
P 10.5636234361 5.15752021861 0 13 3
P 11.4654727987 13.5681927474 0 13 3
P 1.12251825005 14.3274446064 0 23 1
P 20.9065779847 4.39826835964 0 23 1
P 2.73522060259 10.8972414257 0 43 5
P 19.2938756321 7.82847154034 0 43 5
P 19.9403815313 3.91375222177 0 40 1
P 2.08871470338 14.8119607443 0 40 1
P 10.6549370553 7.39366289672 0 19 4
P 11.3741591795 11.3320500693 0 19 4
P 16.3876435734 16.2850057716 0 84 5
P 5.64145266134 2.44070719444 0 84 5
P 7.88508724481 13.891296624 0 6 3
P 14.1440089899 4.83441634197 0 6 3
P 3.85997265841 0.272837321532 0 72 3
P 18.1691235763 18.4528756445 0 72 3
P 0.0 11.4215292717 0 61 2
P 22.0290962347 7.30418369437 0 61 2
