P 10.9075384988 11.3714670882 0 146 4
P 7.0043740009 14.5573838653 1 100 5
P 14.8107029968 8.18555031121 2 100 5
P 18.9288237674 15.9145367576 0 77 3
P 2.88625323022 6.82839741888 0 77 3
P 21.8150769977 21.3481395461 0 9 2
P 0.0 1.3947946304 0 9 2
P 13.0890667591 11.9936349473 0 90 4
P 8.72601023859 10.7492992292 0 90 4
P 18.310132295 7.38584012045 0 30 1
P 3.50494470269 15.357094056 0 30 1
P 14.7174179226 1.62888479373 0 20 1
P 7.09765907507 21.1140493828 0 20 1
P 1.39752210214 15.1780839051 0 72 1
P 20.4175548955 7.56485027138 0 72 1
P 19.8187599935 3.52823004206 0 58 5
P 1.99631700413 19.2147041344 0 58 5
P 14.4815168044 22.7429341765 0 74 3
P 7.33356019327 0.0 0 74 3
P 9.04082461697 1.76311118362 0 21 2
P 12.7742523807 20.9798229929 0 21 2
P 5.04720967298 6.7067572725 0 44 5
P 16.7678673247 16.036176904 0 44 5
