P 11.8911244736 11.3707572677 0 5 1
P 6.90867905471 14.1011578237 1 100 5
P 16.8735698925 8.64035671174 2 100 5
P 16.1340812065 2.65701304245 0 47 1
P 7.64816774071 20.084501493 0 47 1
P 14.6404854753 9.52654786067 0 53 5
P 9.1417634719 13.2149666748 0 53 5
P 7.09223397043 18.9659829642 0 30 3
P 16.6900149768 3.77553157123 0 30 3
P 16.7679812672 0.0245734070675 0 12 5
P 7.01426768007 22.7169411284 0 12 5
P 3.54237010412 11.1976818382 0 22 3
P 20.2398788431 11.5438326973 0 22 3
P 6.60860764552 0.865578189325 0 31 1
P 17.1736413017 21.8759363461 0 31 1
P 15.3533584273 18.1886775775 0 48 4
P 8.42889051989 4.55283695797 0 48 4
P 23.7822489472 18.3078132952 0 43 5
P 0.0 4.43370124027 0 43 5
P 18.7058050651 13.7092771236 0 58 4
P 5.07644388209 9.03223741188 0 58 4
P 11.8389338919 0.0 0 2 1
P 11.9433150553 22.7415145355 0 2 1
