P 11.6146522993 11.1935812592 0 33 2
P 0.0 19.2823534249 1 100 5
P 23.2293045987 3.10480909352 2 100 5
P 18.9460037918 21.0937054322 0 60 4
P 4.28330080691 1.2934570862 0 60 4
P 13.665944335 21.0709646243 0 79 3
P 9.56336026367 1.31619789411 0 79 3
P 1.94221489311 22.3871625184 0 5 1
P 21.2870897056 0.0 0 5 1
P 13.8917957931 0.53841650885 0 89 3
P 9.33750880554 21.8487460096 0 89 3
P 5.72176831117 14.4811236884 0 30 4
P 17.5075362875 7.90603883004 0 30 4
P 5.72404838158 4.86025781329 0 48 4
P 17.5052562171 17.5269047051 0 48 4
P 4.00177477547 19.4080551855 0 58 5
P 19.2275298232 2.97910733292 0 58 5
P 22.7780337222 7.39549153023 0 81 2
P 0.451270876469 14.9916709882 0 81 2
P 13.356129649 9.62853043934 0 28 4
P 9.87317494969 12.7586320791 0 28 4
P 11.8294203944 20.5112902937 0 17 1
P 11.3998842043 1.87587222474 0 17 1
