P 11.9761757757 10.6930954405 0 117 3
P 10.2751012657 17.7695165095 1 100 5
P 13.6772502858 3.61667437141 2 100 5
P 22.3208205267 4.99116115073 0 32 2
P 1.63153102473 16.3950297302 0 32 2
P 19.4423032783 11.1130386828 0 67 1
P 4.51004827318 10.2731521982 0 67 1
P 5.60609718385 21.3344662728 0 26 2
P 18.3462543676 0.0517246081259 0 26 2
P 18.7323230629 2.03075725915 0 73 4
P 5.22002848852 19.3554336218 0 73 4
P 22.7438996029 11.2691724939 0 25 2
P 1.20845194858 10.117018387 0 25 2
P 17.5883736654 6.16528982021 0 75 5
P 6.36397788607 15.2209010607 0 75 5
P 10.815944345 0.0 0 79 4
P 13.1364072064 21.3861908809 0 79 4
P 18.1567450826 10.7756383895 0 29 2
P 5.79560646889 10.6105524914 0 29 2
P 0.0 9.31154776906 0 38 4
P 23.9523515515 12.0746431119 0 38 4
P 23.0179255124 19.5246752344 0 41 5
P 0.934426039025 1.86151564651 0 41 5
