P 11.6124431072 9.83697106555 0 100 1
P 11.60660153 16.8718782728 1 100 5
P 11.6182846843 2.80206385833 2 100 5
P 15.4988999928 0.0 0 49 2
P 7.72598622151 19.6739421311 0 49 2
P 20.4144729459 8.60853591864 0 53 3
P 2.81041326845 11.0654062125 0 53 3
P 0.276082935868 13.1572721051 0 34 2
P 22.9488032785 6.51667002603 0 34 2
P 14.6421428076 19.5788781426 0 40 3
P 8.5827434067 0.0950639885374 0 40 3
P 3.46817806325 15.6152121958 0 87 1
P 19.7567081511 4.05872993532 0 87 1
P 4.22309160933 0.536080953309 0 64 3
P 19.001794605 19.1378611778 0 64 3
P 23.2248862143 0.0152488767156 0 29 1
P 0.0 19.6586932544 0 29 1
P 0.11038006048 3.37520327239 0 72 1
P 23.1145061538 16.2987388587 0 72 1
P 15.9554483992 17.7727483987 0 19 1
P 7.26943781513 1.90119373243 0 19 1
P 13.5869556462 0.613611682931 0 36 4
P 9.63793056816 19.0603304482 0 36 4
