P 11.5415167227 11.3750456523 0 25 2
P 21.1414055108 13.1261923266 1 100 5
P 1.94162793462 9.62389897796 2 100 5
P 12.6794988151 5.52828410594 0 36 2
P 10.4035346304 17.2218071986 0 36 2
P 7.02522612488 0.223652626531 0 78 4
P 16.0578073206 22.526438678 0 78 4
P 18.212893001 2.93117580405 0 3 1
P 4.87014044445 19.8189155005 0 3 1
P 12.118092276 18.4203075338 0 90 5
P 10.9649411695 4.32978377073 0 90 5
P 18.3753491809 18.7856855708 0 54 4
P 4.70768426455 3.96440573376 0 54 4
P 4.79284918362 16.3039656306 0 17 1
P 18.2901842618 6.44612567398 0 17 1
P 12.0272520971 10.0459678865 0 57 2
P 11.0557813484 12.7041234181 0 57 2
P 0.0 0.0 0 47 4
P 23.0830334454 22.7500913046 0 47 4
P 14.8907153573 6.80140278379 0 50 2
P 8.19231808813 15.9486885208 0 50 2
P 21.3399169007 19.7414291018 0 26 1
P 1.74311654474 3.00866220276 0 26 1
