P 10.3872918409 9.44167510143 0 57 2
P 8.70341884641 10.8930370333 1 100 5
P 12.0711648354 7.99031316956 2 100 5
P 16.1901187096 1.0816476143 0 70 1
P 4.58446497217 17.8017025886 0 70 1
P 5.27527701085 14.1243297057 0 66 3
P 15.499306671 4.75902049715 0 66 3
P 3.50395996996 14.3859949471 0 52 4
P 17.2706237118 4.4973552558 0 52 4
P 19.8706061619 0.0 0 50 3
P 0.903977519877 18.8833502029 0 50 3
P 1.72376471905 14.8340887805 0 65 2
P 19.0508189628 4.04926142237 0 65 2
P 19.0100802598 13.5801637191 0 68 3
P 1.76450342202 5.30318648376 0 68 3
P 1.56874204723 3.52324848956 0 84 2
P 19.2058416346 15.3601017133 0 84 2
P 20.7745836818 17.988131908 0 20 5
P 0.0 0.89521829488 0 20 5
P 8.14941659711 7.92277224245 0 90 2
P 12.6251670847 10.9605779604 0 90 2
P 0.296975067671 16.8792417268 0 63 5
P 20.4776086141 2.0041084761 0 63 5
