P 11.639851498 11.2317742226 0 65 3
P 17.0456015145 9.58774350856 1 100 5
P 6.23410148147 12.8758049366 2 100 5
P 23.279702996 8.60298449615 0 27 2
P 0.0 13.860563949 0 27 2
P 6.0882461511 10.4998218288 0 60 4
P 17.1914568449 11.9637266163 0 60 4
P 2.685991705 14.766341525 0 82 5
P 20.593711291 7.69720692013 0 82 5
P 4.60190723979 7.50937079685 0 52 3
P 18.6777957562 14.9541776483 0 52 3
P 0.287987370816 17.8070297166 0 43 4
P 22.9917156251 4.65651872854 0 43 4
P 22.5558181165 0.0 0 14 4
P 0.723884879494 22.4635484451 0 14 4
P 10.2402878682 18.4235172777 0 17 3
P 13.0394151278 4.04003116746 0 17 3
P 1.80852294531 7.96553747192 0 58 2
P 21.4711800506 14.4980109732 0 58 2
P 15.4209763719 3.44995790892 0 88 5
P 7.85872662409 19.0135905362 0 88 5
P 19.1659221827 21.2852370535 0 21 2
P 4.11378081327 1.17831139163 0 21 2
