P 10.2476147214 10.9156232445 0 128 2
P 16.0260170346 19.7125465959 1 100 5
P 4.46921240832 2.11869989309 2 100 5
P 13.7447488134 10.7048944723 0 78 4
P 6.75048062951 11.1263520167 0 78 4
P 4.09422562438 5.89119036433 0 64 5
P 16.4010038185 15.9400561247 0 64 5
P 3.10687483243 16.1619229362 0 55 5
P 17.3883546104 5.66932355286 0 55 5
P 0.117566087445 8.41349707665 0 52 3
P 20.3776633554 13.4177494124 0 52 3
P 20.4952294429 10.6565604795 0 71 4
P 0.0 11.1746860095 0 71 4
P 4.59715126678 0.0 0 31 5
P 15.8980781761 21.831246489 0 31 5
P 7.00726582577 4.19654194458 0 33 3
P 13.4879636171 17.6347045444 0 33 3
P 7.36275659515 15.6529248426 0 74 4
P 13.1324728477 6.17832164642 0 74 4
P 9.66416159105 5.49906328809 0 9 4
P 10.8310678518 16.3321832009 0 9 4
P 12.8660210321 19.6948201412 0 81 2
P 7.62920841081 2.13642634783 0 81 2
