P 8.81908691707 11.0286597256 0 49 2
P 14.3080706987 0.143477968403 1 100 5
P 3.33010313544 21.9138414828 2 100 5
P 6.77998896023 22.0573194512 0 5 2
P 10.8581848739 0.0 0 5 2
P 5.75289346688 1.21154158788 0 65 4
P 11.8852803672 20.8457778633 0 65 4
P 17.6381738341 8.91295552238 0 34 3
P 0.0 13.1443639288 0 34 3
P 1.08976720545 11.3480483224 0 22 4
P 16.5484066287 10.7092711287 0 22 4
P 17.1223868452 13.8442431507 0 41 3
P 0.51578698894 8.21307630043 0 41 3
P 15.6861594195 15.8930275675 0 7 5
P 1.95201441468 6.1642918837 0 7 5
P 11.5557472551 10.561947297 0 63 1
P 6.082426579 11.4953721542 0 63 1
P 1.9652859109 2.98973118537 0 65 1
P 15.6728879232 19.0675882658 0 65 1
P 13.8915381249 12.1098153527 0 49 5
P 3.74663570927 9.94750409844 0 49 5
P 16.0172803288 6.84617061336 0 83 4
P 1.6208935053 15.2111488378 0 83 4
