P 11.5494985387 11.4233712626 0 76 1
P 13.916469811 22.8467425251 1 100 5
P 9.1825272664 0.0 2 100 5
P 15.1536475266 15.7444995419 0 64 2
P 7.94534955081 7.10224298322 0 64 2
P 22.8221758362 11.1030725268 0 84 5
P 0.276821241233 11.7436699984 0 84 5
P 19.9637431239 0.53260888243 0 10 3
P 3.13525395348 22.3141336427 0 10 3
P 22.1861292228 19.9745242353 0 57 1
P 0.912867854632 2.87221828979 0 57 1
P 1.68115425335 4.03540667784 0 48 2
P 21.4178428241 18.8113358473 0 48 2
P 3.25749231341 4.25357415414 0 50 2
P 19.841504764 18.593168371 0 50 2
P 17.4701258506 7.90960995709 0 62 5
P 5.62887122683 14.9371325681 0 62 5
P 18.8195511624 9.51946734416 0 6 5
P 4.27944591501 13.327275181 0 6 5
P 18.6176611974 3.06937586024 0 87 1
P 4.48133588003 19.7773666649 0 87 1
P 0.0 16.8479748373 0 6 3
P 23.0989970774 5.99876768786 0 6 3
