P 11.678922705 11.9166889773 0 136 3
P 16.3782495733 4.29801425087 1 100 5
P 6.97959583672 19.5353637037 2 100 5
P 6.14255401818 1.99764310675 0 45 2
P 17.2152913919 21.8357348478 0 45 2
P 19.801267086 18.5339870185 0 24 4
P 3.55657832401 5.29939093604 0 24 4
P 10.950663385 0.0 0 16 1
P 12.4071820251 23.8333779546 0 16 1
P 2.16536673202 17.5829852202 0 15 2
P 21.192478678 6.25039273439 0 15 2
P 16.1642276333 10.3381334615 0 78 3
P 7.19361777674 13.4952444931 0 78 3
P 15.3946492755 13.8306236043 0 67 3
P 7.96319613457 10.0027543503 0 67 3
P 8.36379190687 2.80125079071 0 29 2
P 14.9940535032 21.0321271639 0 29 2
P 2.3385684866 16.0906681691 0 88 1
P 21.0192769234 7.74270978543 0 88 1
P 1.49402743284 5.59555463742 0 12 1
P 21.8638179772 18.2378233172 0 12 1
P 23.35784541 16.9123733504 0 23 3
P 0.0 6.92100460416 0 23 3
