P 11.1543457672 11.1230390458 0 126 0
P 20.2580532014 17.3378076603 1 100 5
P 2.05063833309 4.90827043135 2 100 5
P 1.73586360053 19.1014098828 0 16 3
P 20.5728279339 3.14466820885 0 16 3
P 4.81222872463 14.3124313485 0 67 3
P 17.4964628098 7.93364674318 0 67 3
P 5.22182783935 21.8247075181 0 6 2
P 17.0868636951 0.421370573528 0 6 2
P 15.9064827434 10.0049143921 0 13 5
P 6.40220879104 12.2411636996 0 13 5
P 8.03902742352 0.0 0 17 1
P 14.2696641109 22.2460780917 0 17 1
P 16.8754841957 20.3188307189 0 19 2
P 5.43320733871 1.92724737271 0 19 2
P 17.2186646717 18.7889628728 0 21 4
P 5.09002686278 3.45711521886 0 21 4
P 4.67339275292 0.0733048941562 0 74 2
P 17.6352987815 22.1727731975 0 74 2
P 10.1881521031 14.0031909972 0 23 3
P 12.1205394314 8.24288709442 0 23 3
P 22.3086915345 21.9078005574 0 8 3
P 0.0 0.338277534212 0 8 3
