P 11.0456230535 11.8583280688 0 74 0
P 2.69185614188 4.92123364031 1 100 5
P 19.3993899651 18.7954224972 2 100 5
P 15.5922047311 9.69981906146 0 37 2
P 6.49904137591 14.0168370761 0 37 2
P 14.9903484967 12.1206187388 0 11 4
P 7.10089761032 11.5960373987 0 11 4
P 14.1337651253 5.99462999309 0 58 3
P 7.9574809817 17.7220261444 0 58 3
P 16.8562659605 18.8003906392 0 49 5
P 5.23498014656 4.91626549835 0 49 5
P 19.8785357002 21.0791737764 0 6 2
P 2.21271040682 2.63748236114 0 6 2
P 4.17165543689 0.98433830274 0 52 5
P 17.9195906701 22.7323178348 0 52 5
P 3.44364624159 21.5366433229 0 66 2
P 18.6475998654 2.18001281461 0 66 2
P 20.6829335706 0.616389935961 0 66 5
P 1.40831253642 23.1002662016 0 66 5
P 11.0937593184 14.747629341 0 88 4
P 10.9974867886 8.96902679654 0 88 4
P 0.0 0.0 0 38 3
P 22.091246107 23.7166561375 0 38 3
