P 10.9223757492 10.8036295984 0 130 4
P 17.2938551645 13.101907507 1 100 5
P 4.55089633388 8.5053516899 2 100 5
P 0.0 1.91752761775 0 6 3
P 21.8447514984 19.6897315791 0 6 3
P 21.364265879 16.1692298343 0 78 3
P 0.480485619334 5.43802936262 0 78 3
P 14.288689826 12.4183154151 0 17 4
P 7.55606167237 9.18894378179 0 17 4
P 18.757253562 4.69895949532 0 33 5
P 3.08749793637 16.9082997016 0 33 5
P 8.46178272007 5.73032423805 0 73 1
P 13.3829687783 15.8769349588 0 73 1
P 18.6374149762 14.4405856055 0 84 3
P 3.20733652221 7.16667359137 0 84 3
P 1.09583308536 21.2209591817 0 45 1
P 20.748918413 0.386300015185 0 45 1
P 11.8983166778 21.6072591969 0 32 1
P 9.94643482061 0.0 0 32 1
P 10.6588977579 18.4485302836 0 68 5
P 11.1858537405 3.15872891324 0 68 5
P 1.85105000703 15.0991177289 0 89 3
P 19.9937014913 6.50814146801 0 89 3
