P 11.5315608542 11.7220403822 0 14 4
P 17.6363978028 17.8110513527 1 100 5
P 5.42672390555 5.63302941169 2 100 5
P 22.5729375474 5.69227032883 0 46 3
P 0.490184160906 17.7518104356 0 46 3
P 4.14799099062 6.71812332552 0 36 1
P 18.9151307177 16.7259574389 0 36 1
P 0.0349564684655 5.74713053453 0 6 5
P 23.0281652399 17.6969502299 0 6 5
P 0.0 0.0 0 60 4
P 23.0631217083 23.4440807644 0 60 4
P 5.23371062962 12.2845390131 0 11 1
P 17.8294110787 11.1595417514 0 11 1
P 14.7421037316 13.8188264757 0 20 5
P 8.32101797671 9.62525428876 0 20 5
P 15.1240884639 16.1714892054 0 24 1
P 7.93903324445 7.27259155901 0 24 1
P 5.37296822287 16.476271471 0 26 3
P 17.6901534855 6.96780929341 0 26 3
P 16.4927199989 0.945802486379 0 4 3
P 6.57040170945 22.4982782781 0 4 3
P 15.2878461074 20.9237970772 0 17 5
P 7.77527560089 2.52028368726 0 17 5
