P 10.973193449 11.9204358348 0 6 5
P 10.2650401568 0.482530858318 1 100 5
P 11.6813467412 23.3583408113 2 100 5
P 15.9020296923 7.19964012151 0 85 4
P 6.04435720575 16.6412315481 0 85 4
P 17.6795856497 23.8408716696 0 74 3
P 4.26680124837 0.0 0 74 3
P 4.11948892635 17.1029198514 0 19 2
P 17.8268979717 6.73795181826 0 19 2
P 3.4917604597 8.5141767379 0 3 5
P 18.4546264384 15.3266949317 0 3 5
P 21.9463868981 23.3160084095 0 65 2
P 0.0 0.524863260124 0 65 2
P 19.4056721158 4.60168530568 0 83 1
P 2.54071478227 19.239186364 0 83 1
P 20.0968902184 10.7159119676 0 60 2
P 1.84949667966 13.124959702 0 60 2
P 19.9462175435 15.0657977565 0 21 1
P 2.00016935453 8.77507391316 0 21 1
P 15.7272525396 20.7890152525 0 29 4
P 6.21913435845 3.05185641714 0 29 4
P 13.9670881356 3.76109620509 0 63 2
P 7.97929876245 20.0797754645 0 63 2
