P 11.9195928917 11.4694248203 0 37 0
P 18.1605448625 22.9388496405 1 100 5
P 5.67864092095 0.0 2 100 5
P 12.7197644753 20.4507215929 0 37 4
P 11.1194213082 2.48812804763 0 37 4
P 18.5769580793 7.54159301823 0 40 5
P 5.26222770425 15.3972566223 0 40 5
P 3.98622435723 17.0453295051 0 87 3
P 19.8529614263 5.89352013547 0 87 3
P 8.37580384265 15.5821921161 0 22 4
P 15.4633819408 7.3566575244 0 22 4
P 9.51259226057 13.8741718251 0 19 1
P 14.3265935229 9.06467781549 0 19 1
P 8.01439350608 2.64379513971 0 61 3
P 15.8247922774 20.2950545008 0 61 3
P 10.2365687304 22.857965381 0 17 1
P 13.6026170531 0.0808842595924 0 17 1
P 17.1776526324 12.788566874 0 8 1
P 6.66153315109 10.1502827666 0 8 1
P 2.34229323542 14.3731189729 0 33 4
P 21.4968925481 8.56573066766 0 33 4
P 0.0 9.65425391777 0 21 4
P 23.8391857835 13.2845957228 0 21 4
