P 9.27418670596 11.9877960768 0 100 0
P 3.33154570264 12.9502296016 1 100 5
P 15.2168277093 11.025362552 2 100 5
P 3.17827226398 2.98442166154 0 67 1
P 15.3701011479 20.9911704921 0 67 1
P 6.34399126645 0.0 0 24 2
P 12.2043821455 23.9755921537 0 24 2
P 0.720230379647 20.8291492752 0 22 5
P 17.8281430323 3.14644287845 0 22 5
P 13.6033511671 7.3282741934 0 31 4
P 4.94502224486 16.6473179603 0 31 4
P 13.2570335216 19.7059520263 0 63 5
P 5.29133989033 4.26964012739 0 63 5
P 0.0 16.1441527384 0 34 2
P 18.5483734119 7.83143941527 0 34 2
P 18.5253396387 4.86279375798 0 13 2
P 0.0230337732541 19.1127983957 0 13 2
P 0.239630417385 22.8493001534 0 43 1
P 18.3087429945 1.12629200027 0 43 1
P 4.46096924191 2.32769208429 0 22 4
P 14.08740417 21.6479000694 0 22 4
P 2.79281029318 5.52029947948 0 80 1
P 15.7555631187 18.4552926742 0 80 1
