P 8.95824545559 8.24431741174 0 54 1
P 7.15555606637 14.3981032226 1 100 5
P 10.7609348448 2.09053160083 2 100 5
P 7.15782250879 0.48129433025 0 60 3
P 10.7586684024 16.0073404932 0 60 3
P 16.215695694 6.84666524444 0 2 2
P 1.7007952172 9.64196957904 0 2 2
P 0.0 7.4638529632 0 14 3
P 17.9164909112 9.02478186028 0 14 3
P 13.2123725314 11.7580922564 0 13 1
P 4.70411837982 4.73054256703 0 13 1
P 4.77272666866 10.0100952335 0 7 2
P 13.1437642425 6.47853958997 0 7 2
P 17.3010631136 14.9056290305 0 50 4
P 0.615427797566 1.58300579294 0 50 4
P 15.2401686294 16.4886348235 0 80 4
P 2.67632228181 0.0 0 80 4
P 5.43904191427 16.4684926783 0 59 3
P 12.4774489969 0.0201421451563 0 59 3
P 2.96524402974 2.45057449087 0 50 5
P 14.9512468814 14.0380603326 0 50 5
P 12.348755086 9.70992082369 0 2 3
P 5.56773582514 6.77871399979 0 2 3
