P 11.7144548386 11.7807412699 0 47 3
P 5.9157892358 5.27643905071 1 100 5
P 17.5131204415 18.2850434891 2 100 5
P 17.7995176801 3.18274903671 0 44 2
P 5.62939199719 20.3787335031 0 44 2
P 23.4289096773 4.18922519978 0 2 4
P 0.0 19.37225734 0 2 4
P 9.94031464694 19.5350427384 0 69 3
P 13.4885950304 4.02643980135 0 69 3
P 1.08047326815 5.75279574647 0 26 1
P 22.3484364092 17.8086867933 0 26 1
P 14.0029210331 12.7015898482 0 79 3
P 9.42598864418 10.8598926916 0 79 3
P 6.85846881431 16.4149396164 0 3 3
P 16.570440863 7.14654292342 0 3 3
P 21.0355451408 14.8170146997 0 3 2
P 2.39336453648 8.74446784004 0 3 2
P 12.1434767043 23.4876429783 0 2 2
P 11.285432973 0.0738395615096 0 2 2
P 10.8697337572 21.2474823152 0 29 5
P 12.5591759201 2.31400022454 0 29 5
P 6.13704358399 23.5614825398 0 62 5
P 17.2918660933 0.0 0 62 5
