P 11.401767099 10.3198048651 0 138 1
P 0.0 8.5017532279 1 100 5
P 22.8035341979 12.1378565023 2 100 5
P 15.7745302617 9.78085239299 0 82 5
P 7.02900393623 10.8587573372 0 82 5
P 21.8356202697 0.0 0 28 3
P 0.967913928172 20.6396097302 0 28 3
P 4.78671721528 11.0797436115 0 89 5
P 18.0168169826 9.55986611871 0 89 5
P 12.1089670167 1.16773301909 0 46 1
P 10.6945671812 19.4718767111 0 46 1
P 12.9872708983 15.4502844315 0 23 2
P 9.81626329964 5.18932529872 0 23 2
P 20.5575033309 5.67266201674 0 58 3
P 2.24603086696 14.9669477135 0 58 3
P 18.6961914016 12.1883791654 0 33 3
P 4.10734279631 8.45123056479 0 33 3
P 3.09608062607 13.8936672181 0 47 2
P 19.7074535718 6.74594251209 0 47 2
P 18.6404757635 15.660132966 0 8 5
P 4.1630584344 4.97947676424 0 8 5
P 7.8649010724 4.59845651328 0 36 2
P 14.9386331255 16.041153217 0 36 2
