P 11.7439862225 11.0832969203 0 25 1
P 4.44402797511 0.0 1 100 5
P 19.0439444699 22.1665938406 2 100 5
P 4.17167798921 1.54221851748 0 9 2
P 19.3162944558 20.6243753231 0 9 2
P 22.9476097144 20.8644791112 0 45 5
P 0.540362730616 1.30211472934 0 45 5
P 14.653342434 1.94302026891 0 63 1
P 8.83463001105 20.2235735717 0 63 1
P 23.487972445 13.2001816076 0 39 2
P 0.0 8.96641223296 0 39 2
P 16.3864169141 21.3484929138 0 53 4
P 7.1015555309 0.818100926741 0 53 4
P 4.92101840313 10.8714541111 0 61 4
P 18.5669540419 11.2951397295 0 61 4
P 12.2155668421 21.7536325158 0 19 3
P 11.2724056029 0.412961324796 0 19 3
P 12.780545847 11.8902096827 0 68 5
P 10.707426598 10.2763841578 0 68 5
P 15.3205859559 20.0937301609 0 14 1
P 8.16738648909 2.07286367971 0 14 1
P 12.2099244212 8.19397108338 0 75 3
P 11.2780480238 13.9726227572 0 75 3
