P 10.1330257749 11.8294494617 0 52 4
P 18.8155848488 1.28763494462 1 100 5
P 1.4504667009 22.3712639789 2 100 5
P 4.41997364518 11.0710855612 0 21 2
P 15.8460779045 12.5878133623 0 21 2
P 3.69928571761 23.6588989235 0 39 3
P 16.5667658321 0.0 0 39 3
P 16.9822733639 10.7853557946 0 65 2
P 3.28377818584 12.8735431289 0 65 2
P 9.29159768683 18.1287064581 0 20 3
P 10.9744538629 5.53019246543 0 20 3
P 2.22158896837 3.70067938021 0 9 1
P 18.0444625813 19.9582195433 0 9 1
P 6.03450549307 17.1015159103 0 68 5
P 14.2315460566 6.55738301323 0 68 5
P 13.1225837296 15.1019161882 0 37 5
P 7.14346782008 8.55698273532 0 37 5
P 1.768845042 8.29148081128 0 52 4
P 18.4972065077 15.3674181122 0 52 4
P 20.2660515497 19.752354453 0 50 4
P 0.0 3.9065444705 0 50 4
P 3.60497985145 15.8628435589 0 29 2
P 16.6610716983 7.79605536457 0 29 2
