P 10.4980023818 11.2987719116 0 121 5
P 6.02926977352 21.1869304586 1 100 5
P 14.9667349901 1.4106133646 2 100 5
P 6.07546919648 6.81691508676 0 21 2
P 14.9205355671 15.7806287365 0 21 2
P 9.30877229002 0.0 0 6 4
P 11.6872324736 22.5975438232 0 6 4
P 4.06171443502 15.9680052258 0 19 1
P 16.9342903286 6.62953859743 0 19 1
P 0.0 19.8182982802 0 53 5
P 20.9960047636 2.77924554304 0 53 5
P 7.46694874648 16.223087264 0 19 1
P 13.5290560171 6.37445655926 0 19 1
P 18.3895376986 12.1056118703 0 35 2
P 2.60646706503 10.4919319529 0 35 2
P 12.5091327369 16.7803001279 0 1 5
P 8.48687202666 5.8172436953 0 1 5
P 19.1193398907 18.942652829 0 32 1
P 1.8766648729 3.65489099418 0 32 1
P 10.8932263573 8.49174700065 0 64 5
P 10.1027784063 14.1057968226 0 64 5
P 2.82254424505 16.4662094895 0 74 2
P 18.1734605186 6.1313343337 0 74 2
