P 10.7527454812 11.8062363634 0 91 5
P 7.71825346006 19.2282675745 1 100 5
P 13.7872375024 4.3842051524 2 100 5
P 16.5885619084 4.19029815187 0 60 3
P 4.91692905402 19.422174575 0 60 3
P 17.1016331607 8.0105449784 0 72 3
P 4.40385780175 15.6019277485 0 72 3
P 4.79266235586 21.5213595465 0 73 2
P 16.7128286066 2.09111318038 0 73 2
P 18.0296511565 14.1785383486 0 27 4
P 3.47583980592 9.43393437829 0 27 4
P 6.5168372747 3.38746940068 0 19 2
P 14.9886536877 20.2250033262 0 19 2
P 20.6147572889 14.2829339055 0 39 4
P 0.890733673483 9.32953882139 0 39 4
P 0.0 0.0 0 10 1
P 21.5054909624 23.6124727269 0 10 1
P 5.14922220606 9.48382106252 0 56 2
P 16.3562687564 14.1286516644 0 56 2
P 8.40774862412 22.1804224379 0 27 4
P 13.0977423383 1.43205028894 0 27 4
P 19.4279066762 13.2056512821 0 18 2
P 2.07758428622 10.4068214448 0 18 2
