P 10.6404890127 11.4739231411 0 136 0
P 19.7117226679 8.4727844826 1 100 5
P 1.56925535747 14.4750617996 2 100 5
P 18.8688285432 5.96612892439 0 6 4
P 2.41214948217 16.9817173578 0 6 4
P 14.1829183147 10.4476087999 0 43 2
P 7.09805971061 12.5002374823 0 43 2
P 13.2630265041 22.9478462822 0 9 2
P 8.01795152123 0.0 0 9 2
P 0.472602009867 11.9349731122 0 55 3
P 20.8083760155 11.0128731699 0 55 3
P 17.3280447893 17.8536439034 0 52 5
P 3.95293323606 5.0942023788 0 52 5
P 0.500189347049 3.40772323719 0 39 2
P 20.7807886783 19.540123045 0 39 2
P 0.0 16.2842849692 0 41 5
P 21.2809780253 6.66356131295 0 41 5
P 0.0441939864813 14.3978540386 0 5 1
P 21.2367840388 8.5499922436 0 5 1
P 5.55405511412 18.4724331326 0 49 4
P 15.7269229112 4.47541314954 0 49 4
P 16.7872284233 12.7080702988 0 3 4
P 4.49374960198 10.2397759834 0 3 4
