P 11.7984036759 11.9142401247 0 62 2
P 16.2121776683 20.953598983 1 100 5
P 7.38462968347 2.87488126641 2 100 5
P 0.160424139985 0.0 0 57 2
P 23.4363832118 23.8284802494 0 57 2
P 10.0312060534 19.0531844133 0 85 5
P 13.5656012984 4.7752958361 0 85 5
P 4.78382720027 15.8413733599 0 74 3
P 18.8129801515 7.98710688946 0 74 3
P 10.3930516218 6.67472995245 0 16 3
P 13.20375573 17.1537502969 0 16 3
P 8.41156343361 7.04587868926 0 71 1
P 15.1852439182 16.7826015601 0 71 1
P 23.5968073518 7.08108192602 0 5 4
P 0.0 16.7473983233 0 5 4
P 21.5008384976 12.7666880886 0 33 3
P 2.0959688542 11.0617921608 0 33 3
P 13.9043098594 6.78912124476 0 25 1
P 9.6924974924 17.0393590046 0 25 1
P 15.9752765396 10.890157386 0 16 1
P 7.62153081213 12.9383228634 0 16 1
P 22.4203718674 1.96888391097 0 73 2
P 1.17643548433 21.8595963384 0 73 2
