P 11.4151352299 11.2669048959 0 7 0
P 16.944198228 3.91032700275 1 100 5
P 5.88607223187 18.6234827891 2 100 5
P 13.9140805896 17.6121894461 0 3 3
P 8.91618987029 4.92162034566 0 3 3
P 0.135120358873 3.39222179265 0 2 5
P 22.695150101 19.1415879992 0 2 5
P 10.8247095216 19.997544521 0 30 4
P 12.0055609382 2.53626527077 0 30 4
P 20.9982460328 5.91228911658 0 61 5
P 1.83202442709 16.6215206752 0 61 5
P 13.372323377 9.71268209025 0 59 5
P 9.45794708284 12.8211277016 0 59 5
P 18.7620975804 12.7222623453 0 79 4
P 4.06817287948 9.81154744649 0 79 4
P 18.9252029908 3.76501332114 0 61 3
P 3.90506746906 18.7687964707 0 61 3
P 20.0347015628 22.5338097918 0 84 4
P 2.79556889708 0.0 0 84 4
P 5.19277331824 7.49525719272 0 85 3
P 17.6374971416 15.0385525991 0 85 3
P 22.8302704599 8.89817484741 0 27 4
P 0.0 13.6356349444 0 27 4
