P 11.3789160718 10.5771861492 0 118 4
P 1.97299219855 13.6230453598 1 100 5
P 20.7848399451 7.53132693869 2 100 5
P 15.1274640737 0.162047288666 0 73 5
P 7.6303680699 20.9923250098 0 73 5
P 12.0404021989 5.71180469196 0 12 4
P 10.7174299448 15.4425676065 0 12 4
P 3.00338356257 12.2387629481 0 6 3
P 19.7544485811 8.91560935032 0 6 3
P 0.0 6.12373736029 0 14 3
P 22.7578321436 15.0306349382 0 14 3
P 12.9830678204 19.63900527 0 61 1
P 9.77476432328 1.51536702846 0 61 1
P 2.08092616959 2.51809677732 0 40 3
P 20.676905974 18.6362755211 0 40 3
P 13.508980556 12.929217108 0 50 3
P 9.24885158762 8.22515519043 0 50 3
P 12.9025902546 3.6546102999 0 59 3
P 9.85524188905 17.4997619986 0 59 3
P 8.17190106324 14.0641778643 0 9 1
P 14.5859310804 7.09019443413 0 9 1
P 18.6478126089 21.1543722985 0 68 3
P 4.11001953473 0.0 0 68 3
