P 11.5465156053 11.7318956152 0 106 2
P 8.40137605826 15.1875054627 1 100 5
P 14.6916551523 8.27628576776 2 100 5
P 2.64311355345 15.8739486201 0 76 4
P 20.4499176572 7.58984261037 0 76 4
P 23.0930312106 9.84011664159 0 9 1
P 0.0 13.6236745889 0 9 1
P 15.4680353538 16.8127238099 0 74 4
P 7.6249958568 6.65106742062 0 74 4
P 10.9606657098 0.0 0 2 3
P 12.1323655008 23.4637912305 0 2 3
P 14.2259924572 14.7867408781 0 86 1
P 8.86703875338 8.67705035237 0 86 1
P 15.6184421717 21.3490503823 0 60 5
P 7.4745890389 2.11474084816 0 60 5
P 11.3572950313 18.7157250171 0 10 4
P 11.7357361793 4.74806621342 0 10 4
P 13.7796962373 16.3184665149 0 67 3
P 9.3133349733 7.14532471561 0 67 3
P 1.8567307646 5.1138421429 0 73 5
P 21.236300446 18.3499490876 0 73 5
P 3.47400690441 1.11664942603 0 88 4
P 19.6190243062 22.3471418045 0 88 4
