P 9.69893419023 11.8275129235 0 29 1
P 9.53085172011 15.3035154353 1 100 5
P 9.86701666034 8.35151041171 2 100 5
P 16.0550757828 10.0059543048 0 69 2
P 3.34279259767 13.6490715421 0 69 2
P 0.0 2.59725942065 0 1 1
P 19.3978683805 21.0577664263 0 1 1
P 14.0206326066 2.49978719875 0 11 2
P 5.37723577381 21.1552386482 0 11 2
P 2.99152577108 20.9781361834 0 5 3
P 16.4063426094 2.67688966353 0 5 3
P 0.410923814371 18.2256132624 0 80 3
P 18.9869445661 5.42941258453 0 80 3
P 13.1979647856 18.4644647367 0 24 3
P 6.19990359486 5.19056111025 0 24 3
P 11.9523869413 9.89409092496 0 32 4
P 7.44548143919 13.760934922 0 32 4
P 12.0740145441 23.655025847 0 39 1
P 7.32385383637 0.0 0 39 1
P 2.42226857756 10.1374561707 0 41 3
P 16.9755998029 13.5175696762 0 41 3
P 5.26511143753 12.953613806 0 26 4
P 14.1327569429 10.7014120409 0 26 4
