P 11.8865026332 11.3098391317 0 14 3
P 20.7047655208 15.6429109255 1 100 5
P 3.06823974554 6.97676733794 2 100 5
P 15.3160137837 0.282382827246 0 51 5
P 8.4569914826 22.3372954362 0 51 5
P 10.5151773842 7.1870932097 0 8 4
P 13.2578278821 15.4325850538 0 8 4
P 0.0 12.1714387328 0 81 4
P 23.7730052663 10.4482395307 0 81 4
P 21.948958096 7.41729452074 0 73 4
P 1.82404717037 15.2023837427 0 73 4
P 18.7689362505 19.368915279 0 46 5
P 5.00406901588 3.25076298451 0 46 5
P 19.7631536871 17.5244903607 0 27 3
P 4.00985157928 5.09518790282 0 27 3
P 10.3062711497 12.8366160527 0 90 2
P 13.4667341166 9.78306221074 0 90 2
P 21.153078687 22.6196782635 0 15 2
P 2.61992657935 0.0 0 15 2
P 12.1517794844 3.79935407044 0 15 3
P 11.6212257819 18.820324193 0 15 3
P 21.3623374771 1.27038373933 0 38 3
P 2.41066778922 21.3492945241 0 38 3
