P 11.5315558107 11.3772366513 0 145 2
P 21.2904339617 0.695431209522 1 100 5
P 1.77267765962 22.0590420931 2 100 5
P 14.7436922862 0.0 0 75 5
P 8.31941933517 22.7544733026 0 75 5
P 5.87517266276 0.217291712756 0 56 2
P 17.1879389586 22.5371815899 0 56 2
P 22.5742678099 0.878679523985 0 58 1
P 0.488843811405 21.8757937786 0 58 1
P 4.33674819556 8.4464140617 0 24 2
P 18.7263634258 14.3080592409 0 24 2
P 11.6300635818 9.8711801994 0 80 5
P 11.4330480396 12.8832931032 0 80 5
P 0.309371141623 6.05133940895 0 15 1
P 22.7537404797 16.7031338937 0 15 1
P 11.2086199111 3.71448225312 0 70 5
P 11.8544917102 19.0399910495 0 70 5
P 3.47344966183 20.4803011893 0 87 2
P 19.5896619595 2.27417211338 0 87 2
P 0.0 14.9855191427 0 74 2
P 23.0631116214 7.76895415997 0 74 2
P 9.61009563103 6.46626440538 0 28 3
P 13.4530159903 16.2882088973 0 28 3
