P 10.4388941415 11.8258902157 0 23 2
P 13.8383346122 23.6517804315 1 100 5
P 7.03945367079 0.0 2 100 5
P 11.0182942865 17.6925780514 0 75 5
P 9.85949399652 5.95920238001 0 75 5
P 2.02121794598 13.8390471519 0 90 5
P 18.856570337 9.81273327953 0 90 5
P 18.1599607595 17.9529983785 0 86 4
P 2.71782752349 5.69878205298 0 86 4
P 10.2334287549 0.252656473817 0 59 5
P 10.6443595281 23.3991239576 0 59 5
P 10.275644176 19.2551903123 0 89 2
P 10.602144107 4.39659011912 0 89 2
P 11.6121635673 7.73966504195 0 1 4
P 9.26562471566 15.9121153895 0 1 4
P 12.2247401241 14.623458755 0 57 3
P 8.65304815887 9.02832167647 0 57 3
P 16.4525238419 21.1819685405 0 50 2
P 4.42526444108 2.46981189099 0 50 2
P 16.5472764155 5.76595396809 0 48 4
P 4.33051186752 17.8858264634 0 48 4
P 20.877788283 5.80771370225 0 70 1
P 0.0 17.8440667292 0 70 1
