P 11.2525438958 10.4309946193 0 124 5
P 11.2447915467 19.6730458163 1 100 5
P 11.2602962449 1.1889434223 2 100 5
P 3.17898967638 3.24904016859 0 76 5
P 19.3260981153 17.61294907 0 76 5
P 20.0137964053 7.03379476007 0 60 5
P 2.49129138633 13.8281944785 0 60 5
P 20.6212398488 2.87470978196 0 20 5
P 1.88384794284 17.9872794566 0 20 5
P 5.75348681224 20.8619892386 0 12 2
P 16.7516009794 0.0 0 12 2
P 14.9919930908 13.9817042802 0 52 4
P 7.51309470079 6.88028495837 0 52 4
P 5.42412472965 18.520321863 0 10 5
P 17.080963062 2.34166737557 0 10 5
P 3.34581052437 1.8032741958 0 54 1
P 19.1592772673 19.0587150428 0 54 1
P 10.0603278194 8.64860737039 0 13 5
P 12.4447599722 12.2133818682 0 13 5
P 0.0 4.19826530839 0 14 5
P 22.5050877916 16.6637239302 0 14 5
P 20.7635625362 12.2479864821 0 85 3
P 1.74152525548 8.61400275645 0 85 3
