P 11.0005726446 10.5463660433 0 95 0
P 7.57746317453 3.44509698766 1 100 5
P 14.4236821146 17.6476350989 2 100 5
P 16.3434730178 20.0926939363 0 66 4
P 5.65767227132 1.00003815031 0 66 4
P 16.8300206604 10.8302214762 0 3 1
P 5.17112462875 10.2625106104 0 3 1
P 8.12981194518 11.8510694147 0 87 5
P 13.8713333439 9.24166267183 0 87 5
P 3.2744991977 17.707889572 0 11 3
P 18.7266460914 3.38484251454 0 11 3
P 0.972346184865 11.7956236204 0 49 4
P 21.0287991042 9.29710846618 0 49 4
P 8.88800263263 13.4964788925 0 51 4
P 13.1131426565 7.5962531941 0 51 4
P 22.0011452891 7.14634500326 0 1 1
P 0.0 13.9463870833 0 1 1
P 16.6511582427 2.60784629393 0 36 4
P 5.34998704637 18.4848857926 0 36 4
P 19.3367414119 10.6765480908 0 67 4
P 2.66440387718 10.4161839958 0 67 4
P 3.99206122508 21.0927320866 0 6 2
P 18.009084064 0.0 0 6 2
