P 11.8669773948 10.945150722 0 75 1
P 21.5493947364 11.4135043452 1 100 5
P 2.18456005313 10.4767970987 2 100 5
P 12.4934340358 0.805457872261 0 87 2
P 11.2405207538 21.0848435717 0 87 2
P 8.14079090137 2.48937524146 0 71 1
P 15.5931638882 19.4009262025 0 71 1
P 3.78298627989 21.7454214272 0 90 5
P 19.9509685097 0.144880016731 0 90 5
P 2.86976563732 16.2476749542 0 25 5
P 20.8641891522 5.64262648972 0 25 5
P 23.7339547896 17.2598816845 0 82 3
P 0.0 4.63041975943 0 82 3
P 3.33955506698 0.0 0 1 4
P 20.3943997226 21.8903014439 0 1 4
P 7.4383319457 7.29740504516 0 45 3
P 16.2956228439 14.5928963988 0 45 3
P 18.4697162102 20.0439461823 0 63 3
P 5.26423857932 1.84635526168 0 63 3
P 11.0188036343 13.2917807584 0 31 4
P 12.7151511553 8.59852068552 0 31 4
P 18.4984533941 1.92045710929 0 68 5
P 5.23550139544 19.9698443346 0 68 5
