P 11.8039955755 11.2157212798 0 37 3
P 9.31956732508 21.8088737532 1 100 5
P 14.2884238258 0.622568806433 2 100 5
P 11.8654926942 5.2737846552 0 81 3
P 11.7424984567 17.1576579045 0 81 3
P 4.25409258443 0.0 0 22 1
P 19.3538985665 22.4314425597 0 22 1
P 14.7436138612 22.3240014889 0 83 3
P 8.86437728973 0.107441070771 0 83 3
P 19.8543468498 0.711933891201 0 84 1
P 3.75364430115 21.7195086685 0 84 1
P 8.86481414847 9.73662367883 0 12 5
P 14.7431770024 12.6948188808 0 12 5
P 0.0 10.8098889721 0 59 2
P 23.6079911509 11.6215535875 0 59 2
P 20.3967683707 15.5228613809 0 59 3
P 3.21122278016 6.90858117873 0 59 3
P 17.0287479269 6.65976901033 0 4 2
P 6.57924322402 15.7716735493 0 4 2
P 0.782927536597 19.6075053882 0 55 1
P 22.8250636143 2.82393717142 0 55 1
P 2.60103334076 13.172383428 0 58 3
P 21.0069578101 9.25905913169 0 58 3
