P 11.3934693677 11.8493822067 0 101 1
P 12.5664471584 5.41186076546 1 100 5
P 10.2204915771 18.2869036479 2 100 5
P 20.5112986321 1.1964538006 0 16 2
P 2.27564010333 22.5023106128 0 16 2
P 20.0319474584 16.6995313254 0 59 3
P 2.75499127708 6.99923308794 0 59 3
P 20.1451471317 13.3958436908 0 28 2
P 2.6417916038 10.3029207225 0 28 2
P 11.7506538201 0.0 0 40 3
P 11.0362849153 23.6987644134 0 40 3
P 21.0900805902 23.0548304212 0 84 3
P 1.69685814531 0.64393399216 0 84 3
P 0.0 5.95400654937 0 5 1
P 22.7869387355 17.744757864 0 5 1
P 8.24829052378 17.3173458586 0 8 3
P 14.5386482117 6.38141855474 0 8 3
P 21.7076548136 15.860643637 0 36 2
P 1.07928392182 7.83812077643 0 36 2
P 22.3191416396 8.84403782892 0 38 5
P 0.46779709587 14.8547265845 0 38 5
P 17.001458272 10.0725758612 0 22 1
P 5.78548046343 13.6261885522 0 22 1
