P 11.5695639744 10.9041084322 0 137 4
P 23.1391279487 20.7230023029 1 100 5
P 0.0 1.08521456159 2 100 5
P 1.0936209697 17.3145956395 0 14 2
P 22.045506979 4.49362122493 0 14 2
P 1.68845689585 10.8122343971 0 46 3
P 21.4506710529 10.9959824673 0 46 3
P 15.1265231783 11.8071126863 0 79 4
P 8.01260477046 10.0011041781 0 79 4
P 7.59878877372 14.1010525361 0 14 5
P 15.540339175 7.70716432833 0 14 5
P 8.02492741775 19.7232955817 0 60 3
P 15.114200531 2.08492128282 0 60 3
P 12.45566069 14.6489886016 0 31 2
P 10.6834672587 7.15922826286 0 31 2
P 2.4220122833 0.0 0 77 4
P 20.7171156654 21.8082168645 0 77 4
P 22.272729879 2.85078840046 0 11 1
P 0.866398069713 18.957428464 0 11 1
P 17.7806175723 9.08836829377 0 48 5
P 5.35851037641 12.7198485707 0 48 5
P 4.05147009872 7.23030892847 0 45 2
P 19.08765785 14.577907936 0 45 2
