P 11.6742243424 11.649441005 0 56 3
P 15.5644784882 23.29888201 1 100 5
P 7.7839701966 0.0 2 100 5
P 13.7036950173 11.7346294787 0 12 3
P 9.64475366745 11.5642525313 0 12 3
P 4.67371359423 6.6524632426 0 50 3
P 18.6747350905 16.6464187674 0 50 3
P 6.98667233596 9.78142818198 0 89 4
P 16.3617763488 13.517453828 0 89 4
P 22.1093788832 2.90157166905 0 65 5
P 1.23906980154 20.3973103409 0 65 5
P 7.36191200436 8.06141972542 0 68 5
P 15.9865366804 15.2374622846 0 68 5
P 16.0603049844 4.33099963845 0 31 3
P 7.28814370033 18.9678823715 0 31 3
P 12.8516775839 3.54697453523 0 37 1
P 10.4967711008 19.7519074747 0 37 1
P 0.0 4.76843121036 0 24 1
P 23.3484486847 18.5304507996 0 24 1
P 18.5077185539 3.95530801751 0 9 4
P 4.84073013088 19.3435739925 0 9 4
P 3.6553874767 0.73033724124 0 4 4
P 19.693061208 22.5685447687 0 4 4
