P 10.2332841067 11.3192315351 0 121 3
P 20.4665682134 19.2487744517 1 100 5
P 0.0 3.38968861852 2 100 5
P 11.5299918154 8.08229853282 0 54 2
P 8.93657639797 14.5561645374 0 54 2
P 5.95890293599 2.60290601783 0 20 2
P 14.5076652774 20.0355570523 0 20 2
P 5.70992250372 11.1016895403 0 50 5
P 14.7566457096 11.5367735299 0 50 5
P 9.0755151544 18.7299579338 0 34 2
P 11.391053059 3.90850513634 0 34 2
P 17.5638941377 16.8245648878 0 85 1
P 2.9026740757 5.81389818233 0 85 1
P 7.9632798227 15.9044421344 0 1 3
P 12.5032883907 6.73402093576 0 1 3
P 16.3569400064 10.67985327 0 60 2
P 4.109628207 11.9586098002 0 60 2
P 14.6856812601 1.81488823559 0 59 4
P 5.78088695329 20.8235748346 0 59 4
P 16.4466848534 5.07450115566 0 34 4
P 4.01988335999 17.5639619145 0 34 4
P 4.32286040962 22.6384630702 0 42 4
P 16.1437078037 0.0 0 42 4
