P 11.9698582388 10.7465349901 0 124 1
P 16.8222137372 17.7476949085 1 100 5
P 7.11750274033 3.74537507178 2 100 5
P 15.1893203445 21.4930699802 0 17 2
P 8.75039613301 0.0 0 17 2
P 20.4063662853 16.1764581724 0 34 2
P 3.53335019227 5.31661180782 0 34 2
P 17.6273879374 2.45884957731 0 11 3
P 6.31232854018 19.0342204029 0 11 3
P 13.7145530589 13.1598969783 0 58 2
P 10.2251634187 8.33317300195 0 58 2
P 21.3530887875 10.8573382153 0 16 2
P 2.58662769008 10.6357317649 0 16 2
P 21.1558609726 18.0909020167 0 53 5
P 2.78385550496 3.4021679635 0 53 5
P 21.4294785395 0.0999990131489 0 31 3
P 2.51023793805 21.3930709671 0 31 3
P 11.1284223255 13.0811239708 0 78 2
P 12.8112941521 8.41194600946 0 78 2
P 4.55230988768 17.5828825787 0 48 2
P 19.3874065899 3.91018740155 0 48 2
P 23.9397164776 11.8278911553 0 9 2
P 0.0 9.66517882491 0 9 2
