P 11.8228302514 11.8153142777 0 21 2
P 10.258434217 0.0 1 100 5
P 13.3872262857 23.6306285554 2 100 5
P 4.836979792 16.5948466406 0 48 4
P 18.8086807107 7.03578191481 0 48 4
P 12.786770761 3.89126968334 0 52 5
P 10.8588897418 19.7393588721 0 52 5
P 21.6754479931 1.34280643529 0 13 2
P 1.97021250959 22.2878221201 0 13 2
P 6.456209138 1.43963152304 0 75 1
P 17.1894513647 22.1909970324 0 75 1
P 0.0 1.16846915131 0 44 3
P 23.6456605027 22.4621594041 0 44 3
P 22.9305576282 4.0511567693 0 6 2
P 0.715102874516 19.5794717861 0 6 2
P 14.523657193 12.5974528426 0 11 1
P 9.12200330973 11.0331757128 0 11 1
P 1.42967982255 2.61733749268 0 2 4
P 22.2159806802 21.0132910627 0 2 4
P 15.6493991916 20.3639594726 0 88 3
P 7.99626131113 3.26666908281 0 88 3
P 16.6881334247 13.8798147033 0 7 1
P 6.95752707799 9.7508138521 0 7 1
