P 11.7999493365 11.6826410289 0 61 5
P 14.021585745 19.8165056682 1 100 5
P 9.57831292806 3.54877638948 2 100 5
P 11.4686533123 22.6319011248 0 12 3
P 12.1312453608 0.733380932921 0 12 3
P 14.0864223578 7.11396805397 0 4 3
P 9.51347631526 16.2513140037 0 4 3
P 10.6662307282 19.1342666828 0 66 3
P 12.9336679449 4.23101537487 0 66 3
P 8.38886755039 18.1007546652 0 38 3
P 15.2110311227 5.26452739248 0 38 3
P 23.5998986731 9.98502470956 0 76 4
P 0.0 13.3802573481 0 76 4
P 6.59197838169 18.6511857619 0 47 1
P 17.0079202914 4.71409629582 0 47 1
P 16.6645502408 12.7605590147 0 66 1
P 6.93534843231 10.604723043 0 66 1
P 4.65916324488 1.25397446046 0 84 3
P 18.9407354282 22.1113075972 0 84 3
P 10.5050064472 0.159585489492 0 7 4
P 13.0948922259 23.2056965682 0 7 4
P 6.41477616349 0.0 0 46 2
P 17.1851225096 23.3652820577 0 46 2
