P 11.5719907163 11.6223903612 0 99 0
P 18.3719879034 13.461512337 1 100 5
P 4.7719935293 9.78326838546 2 100 5
P 11.8587466184 21.9974656668 0 12 3
P 11.2852348143 1.24731505571 0 12 3
P 1.72689288 13.5239634006 0 68 3
P 21.4170885527 9.72081732185 0 68 3
P 6.18307670038 0.0 0 28 4
P 16.9609047323 23.2447807225 0 28 4
P 19.7320602049 22.0518404593 0 5 1
P 3.41192122778 1.19294026321 0 5 1
P 5.94232005045 4.4460763374 0 61 1
P 17.2016613822 18.7987043851 0 61 1
P 0.0 19.4905010779 0 41 4
P 23.1439814327 3.75427964457 0 41 4
P 20.7184196698 15.7752387023 0 64 3
P 2.42556176286 7.46954202015 0 64 3
P 21.1611448304 3.51153164462 0 90 2
P 1.98283660226 19.7332490779 0 90 2
P 8.96332022536 7.45469106341 0 2 3
P 14.1806612073 15.7900896591 0 2 3
P 4.76969526582 7.02116274732 0 64 3
P 18.3742861668 16.2236179752 0 64 3
