P 11.2778687869 10.7396086447 0 116 0
P 17.8252155919 12.8568134309 1 100 5
P 4.73052198191 8.62240385841 2 100 5
P 4.80663222534 3.94792397295 0 31 5
P 17.7491053485 17.5312933164 0 31 5
P 9.51939550596 1.39468357074 0 27 2
P 13.0363420679 20.0845337186 0 27 2
P 3.75220987603 5.4806082906 0 10 5
P 18.8035276978 15.9986089987 0 10 5
P 21.2876216854 0.0 0 63 2
P 1.2681158885 21.4792172893 0 63 2
P 6.80640439042 4.44601894053 0 13 5
P 15.7493331834 17.0331983488 0 13 5
P 22.5557375739 4.77636272278 0 2 3
P 0.0 16.7028545666 0 2 3
P 3.6361631822 14.7556278141 0 78 4
P 18.9195743916 6.72358947528 0 78 4
P 13.2658563708 3.64852434863 0 46 2
P 9.28988120302 17.8306929407 0 46 2
P 11.0145436421 12.8887501028 0 14 1
P 11.5411939317 8.59046718652 0 14 1
P 7.76592163856 2.75234586678 0 36 4
P 14.7898159353 18.7268714226 0 36 4
