P 10.6293565071 11.9485294315 0 32 5
P 13.7524532059 11.7799049265 1 100 5
P 7.50625980837 12.1171539365 2 100 5
P 2.2532830928 1.78669387746 0 81 5
P 19.0054299214 22.1103649856 0 81 5
P 11.374394534 0.0 0 37 4
P 9.88431848027 23.8970588631 0 37 4
P 16.4057562962 0.256026302627 0 4 2
P 4.852956718 23.6410325604 0 4 2
P 11.5886382178 14.9167056547 0 2 2
P 9.67007479645 8.98035320838 0 2 2
P 7.19784736933 8.96460245728 0 74 1
P 14.0608656449 14.9324564058 0 74 1
P 0.0 14.59089233 0 63 2
P 21.2587130142 9.30616653303 0 63 2
P 6.77932874846 3.57782726884 0 73 1
P 14.4793842658 20.3192315942 0 73 1
P 20.6676706705 18.6365910521 0 26 4
P 0.59104234374 5.26046781099 0 26 4
P 15.4769647365 11.2200860695 0 29 5
P 5.7817482777 12.6769727936 0 29 5
P 6.6669332586 17.1908067652 0 27 4
P 14.5917797556 6.7062520979 0 27 4
