P 11.5539245068 11.7015592172 0 82 0
P 5.30361847885 4.82422712776 1 100 5
P 17.8042305348 18.5788913066 2 100 5
P 11.0608944326 3.49454684545 0 61 5
P 12.046954581 19.9085715889 0 61 5
P 9.06187987381 23.4031184344 0 36 1
P 14.0459691399 0.0 0 36 1
P 15.0988879582 7.13097687041 0 7 3
P 8.0089610555 16.272141564 0 7 3
P 3.31673230599 20.4452160571 0 32 5
P 19.7911167077 2.95790237727 0 32 5
P 9.00443221077 7.50202492667 0 23 5
P 14.1034168029 15.9010935077 0 23 5
P 16.2465663487 17.668182041 0 41 3
P 6.86128266496 5.73493639341 0 41 3
P 0.173931398198 5.14206848382 0 35 3
P 22.9339176155 18.2610499506 0 35 3
P 2.13675699744 1.01672837299 0 13 3
P 20.9710920162 22.3863900614 0 13 3
P 23.1078490137 8.49161120476 0 77 5
P 0.0 14.9115072296 0 77 5
P 4.26472676108 8.95201000983 0 29 5
P 18.8431222526 14.4511084245 0 29 5
