P 10.5567381476 11.9907285033 0 128 2
P 14.3569780837 10.888528815 1 100 5
P 6.75649821153 13.0929281916 2 100 5
P 4.32132218673 15.3565819222 0 72 3
P 16.7921541085 8.62487508444 0 72 3
P 3.89211999007 18.6843149211 0 30 5
P 17.2213563051 5.29714208549 0 30 5
P 1.03084203557 5.36674073315 0 61 5
P 20.0826342596 18.6147162734 0 61 5
P 13.6404072383 19.3420302811 0 29 4
P 7.47306905687 4.63942672552 0 29 4
P 16.5890795128 13.1818649045 0 31 5
P 4.5243967824 10.7995921021 0 31 5
P 7.82416083275 23.5329770328 0 78 3
P 13.2893154624 0.448479973828 0 78 3
P 4.52313997785 7.30668317416 0 81 5
P 16.5903363173 16.6747738324 0 81 5
P 17.1592915821 23.9814570066 0 4 4
P 3.9541847131 0.0 0 4 4
P 21.1134762952 14.9163098322 0 67 5
P 0.0 9.06514717438 0 67 5
P 2.91833304207 16.3655468938 0 8 5
P 18.1951432531 7.61591011283 0 8 5
