P 9.53890946821 10.0525749247 0 149 3
P 0.0 6.85331301853 1 100 5
P 19.0778189364 13.2518368308 2 100 5
P 1.33664137883 0.754455203519 0 63 2
P 17.7411775576 19.3506946458 0 63 2
P 2.29169965175 10.0317162847 0 72 3
P 16.7861192847 10.0734335646 0 72 3
P 12.819031221 19.9483748235 0 51 1
P 6.25878771541 0.156775025875 0 51 1
P 10.9126458562 14.5864427243 0 20 3
P 8.16517308022 5.51870712507 0 20 3
P 13.9222200568 10.3119063703 0 89 5
P 5.15559887964 9.79324347905 0 89 5
P 8.23067127624 0.0 0 10 4
P 10.8471476602 20.1051498493 0 10 4
P 15.497907194 19.7926080217 0 69 4
P 3.57991174246 0.312541827616 0 69 4
P 11.6444908987 1.15952048338 0 34 2
P 7.4333280377 18.945629366 0 34 2
P 5.14923371974 12.9889441589 0 59 1
P 13.9285852167 7.11620569049 0 59 1
P 12.8091649249 7.05123872219 0 45 3
P 6.26865401148 13.0539111272 0 45 3
