P 11.8001865244 11.6828418316 0 37 2
P 8.46960023988 17.8593140581 1 100 5
P 15.130772809 5.50636960505 2 100 5
P 6.82749319125 9.33082682283 0 48 5
P 16.7728798576 14.0348568403 0 48 5
P 9.91715443592 20.5389805751 0 46 5
P 13.683218613 2.8267030881 0 46 5
P 12.0825917259 8.68582956527 0 52 3
P 11.517781323 14.6798540979 0 52 3
P 12.8961680123 17.5502000498 0 73 5
P 10.7042050365 5.8154836134 0 73 5
P 14.3570487794 18.6650232388 0 74 3
P 9.24332426944 4.70066042436 0 74 3
P 12.0596812672 23.3656836632 0 3 3
P 11.5406917817 0.0 0 3 3
P 9.48332656456 10.9308299379 0 17 1
P 14.1170464843 12.4348537253 0 17 1
P 23.6003730489 6.62415664505 0 27 4
P 0.0 16.7415270181 0 27 4
P 11.9452546825 20.4445039315 0 87 1
P 11.6551183664 2.92117973165 0 87 1
P 3.41975448839 9.49085575826 0 67 4
P 20.1806185605 13.8748279049 0 67 4
