P 11.8981471989 11.7348480357 0 58 5
P 0.0 6.25516558322 1 100 5
P 23.7962943978 17.2145304882 2 100 5
P 14.9575858566 10.7230211692 0 36 4
P 8.83870854116 12.7466749022 0 36 4
P 13.9486641818 9.43936842783 0 7 2
P 9.8476302159 14.0303276436 0 7 2
P 0.0799224517035 4.92656495435 0 35 1
P 23.716371946 18.543131117 0 35 1
P 5.85668740881 0.0 0 18 2
P 17.9396069889 23.4696960714 0 18 2
P 10.6562818461 8.11569798232 0 4 4
P 13.1400125517 15.3539980891 0 4 4
P 8.29366240856 2.59175184791 0 16 1
P 15.5026319892 20.8779442235 0 16 1
P 7.99720531304 17.237751668 0 50 4
P 15.7990890847 6.23194440338 0 50 4
P 17.2952460157 13.7875486266 0 35 3
P 6.50104838201 9.68214744481 0 35 3
P 16.3619422747 18.2269764275 0 25 1
P 7.43435212305 5.24271964389 0 25 1
P 23.0480149849 15.5748750805 0 66 2
P 0.748279412824 7.89482099089 0 66 2
