P 11.8552411883 9.91777092849 0 50 3
P 5.11832745535 13.3197637287 1 100 5
P 18.5921549213 6.51577812827 2 100 5
P 7.21909816326 3.65559856175 0 43 1
P 16.4913842133 16.1799432952 0 43 1
P 18.6863010671 16.6741342208 0 64 3
P 5.02418130952 3.16140763621 0 64 3
P 11.5435122022 14.8557280353 0 11 4
P 12.1669701744 4.97981382166 0 11 4
P 22.6080321713 18.2681831376 0 27 2
P 1.10245020532 1.56735871935 0 27 2
P 21.5419665073 4.11809538642 0 18 1
P 2.16851586933 15.7174464706 0 18 1
P 17.4217193152 9.67092889326 0 34 3
P 6.28876306138 10.1646129637 0 34 3
P 23.7104823766 18.075340753 0 71 1
P 0.0 1.76020110399 0 71 1
P 10.7667493866 19.835541857 0 1 1
P 12.94373299 0.0 0 1 1
P 21.2421000406 6.80646110162 0 24 4
P 2.468382336 13.0290807554 0 24 4
P 15.922046279 2.1122165853 0 80 5
P 7.78843609758 17.7233252717 0 80 5
