P 11.7929821158 11.4611414783 0 65 1
P 0.0142265107056 0.0 1 100 5
P 23.571737721 22.9222829565 2 100 5
P 3.65875332838 8.08415619324 0 85 4
P 19.9272109033 14.8381267633 0 85 4
P 0.0 8.9017260887 0 19 4
P 23.5859642317 14.0205568678 0 19 4
P 13.905396215 11.1658662952 0 70 5
P 9.68056801671 11.7564166614 0 70 5
P 16.225250364 12.8258803446 0 63 1
P 7.3607138677 10.0964026119 0 63 1
P 16.9718154612 3.21130621523 0 64 1
P 6.61414877047 19.7109767413 0 64 1
P 21.3589838958 13.3769300575 0 54 4
P 2.22698033593 9.545352899 0 54 4
P 6.43275777752 4.08853520225 0 69 2
P 17.1532064542 18.8337477543 0 69 2
P 18.123233465 20.0524478348 0 38 4
P 5.4627307667 2.86983512175 0 38 4
P 21.59654448 22.8234088944 0 42 5
P 1.98941975167 0.0988740621383 0 42 5
P 16.0637468762 15.9578818993 0 41 3
P 7.52221735546 6.96440105724 0 41 3
