P 11.3490759028 11.3354792092 0 126 3
P 5.59882898293 21.6386930676 1 100 5
P 17.0993228226 1.03226535078 2 100 5
P 0.0 2.15219145869 0 86 1
P 22.6981518056 20.5187669597 0 86 1
P 15.1976982466 15.7609385582 0 70 2
P 7.50045355897 6.91001986014 0 70 2
P 3.16337628693 19.9845529682 0 36 3
P 19.5347755186 2.68640545013 0 36 3
P 17.6866240714 6.02518611758 0 46 2
P 5.01152773412 16.6457723008 0 46 2
P 18.3864981669 9.08911210296 0 31 5
P 4.31165363866 13.5818463154 0 31 5
P 1.87630934191 9.39649519794 0 54 2
P 20.8218424637 13.2744632204 0 54 2
P 12.105059407 2.6552614606 0 35 4
P 10.5930923985 20.0156969578 0 35 4
P 21.5607729198 0.0 0 50 3
P 1.13737888581 22.6709584184 0 50 3
P 12.5822493586 16.2861529001 0 21 3
P 10.115902447 6.38480551828 0 21 3
P 12.6032017648 4.45764177764 0 42 1
P 10.0949500408 18.2133166407 0 42 1
