P 10.9059831125 10.2723493252 0 57 3
P 11.3115126444 3.50719917546 1 100 5
P 10.5004535806 17.037499475 2 100 5
P 10.6296075082 8.48918038876 0 87 3
P 11.1823587167 12.0555182617 0 87 3
P 21.811966225 16.1369727209 0 49 5
P 0.0 4.40772592949 0 49 5
P 1.96184427703 9.68565774622 0 51 3
P 19.850121948 10.8590409042 0 51 3
P 14.0488611964 14.0499467277 0 76 3
P 7.76310502854 6.49475192275 0 76 3
P 7.05696943688 10.652170708 0 31 1
P 14.7549967881 9.89252794244 0 31 1
P 9.55759334436 1.80766822481 0 2 3
P 12.2543728806 18.7370304256 0 2 3
P 16.7712484417 19.7902407615 0 80 1
P 5.04071778326 0.754457888941 0 80 1
P 18.0205302983 19.0492301297 0 48 4
P 3.79143592666 1.49546852074 0 48 4
P 21.3302788177 0.0 0 46 2
P 0.481687407276 20.5446986504 0 46 2
P 2.41782370352 3.6962664573 0 34 2
P 19.3941425215 16.8484321931 0 34 2
