P 10.3054611107 11.2554506158 0 65 4
P 0.554380093738 12.4421530827 1 100 5
P 20.0565421277 10.0687481489 2 100 5
P 16.0997585967 0.0 0 88 5
P 4.51116362465 22.5109012316 0 88 5
P 12.7714861086 0.237791779583 0 83 1
P 7.83943611277 22.273109452 0 83 1
P 3.89864945711 6.34077038732 0 42 1
P 16.7122727643 16.1701308443 0 42 1
P 0.0 21.1081413574 0 34 3
P 20.6109222214 1.40275987417 0 34 3
P 12.1351750735 19.2143981857 0 44 5
P 8.47574714789 3.29650304585 0 44 5
P 20.0868047836 16.0781409472 0 53 2
P 0.524117437757 6.43276028439 0 53 2
P 2.28695903249 14.6064041831 0 7 1
P 18.3239631889 7.90449704855 0 7 1
P 0.0787217785222 18.7421425565 0 4 1
P 20.5322004429 3.76875867515 0 4 1
P 13.3478944413 20.2756943147 0 55 1
P 7.26302778007 2.23520691688 0 55 1
P 15.7296013102 18.1224624162 0 82 3
P 4.88132091122 4.38843881538 0 82 3
