P 11.9319237634 10.6325622242 0 134 2
P 13.5821241085 0.0 1 100 5
P 10.2817234182 21.2651244485 2 100 5
P 1.65129362214 7.1408148547 0 84 1
P 22.2125539046 14.1243095938 0 84 1
P 11.5222143343 15.8804680258 0 2 2
P 12.3416331924 5.3846564227 0 2 2
P 10.9280072588 0.501793027955 0 31 1
P 12.9358402679 20.7633314205 0 31 1
P 8.06192476614 16.9630772207 0 77 1
P 15.8019227606 4.30204722775 0 77 1
P 23.8638475267 2.64977193829 0 35 1
P 0.0 18.6153525102 0 35 1
P 0.82828035712 4.18544947175 0 28 4
P 23.0355671696 17.0796749767 0 28 4
P 3.2623129104 10.9163653525 0 28 1
P 20.6015346163 10.3487590959 0 28 1
P 10.2327574471 12.8752540614 0 25 5
P 13.6310900796 8.38987038704 0 25 5
P 2.57887676881 16.6142256525 0 44 2
P 21.2849707579 4.65089879597 0 44 2
P 18.5878172704 9.29495324904 0 27 4
P 5.27603025636 11.9701711994 0 27 4
