P 9.55816433608 9.33931514721 0 19 3
P 18.616733766 11.9179022906 1 100 5
P 0.499594906182 6.76072800383 2 100 5
P 5.94193690626 10.1668256234 0 67 5
P 13.1743917659 8.51180467103 0 67 5
P 15.2675310004 18.6786302944 0 83 2
P 3.84879767176 0.0 0 83 2
P 4.06807017374 4.05729621213 0 38 3
P 15.0482584984 14.6213340823 0 38 3
P 15.9969498476 16.7449311255 0 58 5
P 3.11937882454 1.93369916889 0 58 5
P 6.30328782487 6.88706755022 0 7 3
P 12.8130408473 11.7915627442 0 7 3
P 7.2447791018 4.08791413716 0 11 1
P 11.8715495704 14.5907161573 0 11 1
P 0.0 12.1974769174 0 29 1
P 19.1163286722 6.48115337701 0 29 1
P 3.76816247258 18.0358832899 0 69 5
P 15.3481661996 0.64274700454 0 69 5
P 10.8809089872 9.64127716083 0 51 1
P 8.23541968499 9.0373531336 0 51 1
P 3.36028284965 9.23662835022 0 31 4
P 15.7560458225 9.44200194421 0 31 4
