P 11.9841482404 11.4549376056 0 53 3
P 23.9652460334 0.0 1 100 5
P 0.00305044734613 22.9098752112 2 100 5
P 20.0642055779 5.50649626514 0 2 3
P 3.90409090286 17.4033789461 0 2 3
P 23.9682964808 12.4119696461 0 12 5
P 0.0 10.4979055651 0 12 5
P 12.6028222612 4.22745224701 0 39 4
P 11.3654742196 18.6824229642 0 39 4
P 8.47617665587 5.12390525763 0 59 4
P 15.4921198249 17.7859699536 0 59 4
P 3.93422827869 11.4718706229 0 32 3
P 20.0340682021 11.4380045884 0 32 3
P 23.0154508157 21.7577603017 0 66 2
P 0.952845665098 1.1521149095 0 66 2
P 5.18453643569 5.41031934795 0 57 2
P 18.7837600451 17.4995558633 0 57 2
P 10.73626797 22.03210296 0 64 5
P 13.2320285108 0.877772251247 0 64 5
P 5.28053642048 0.0606517382379 0 35 3
P 18.6877600603 22.849223473 0 35 3
P 9.90149124883 1.20760110656 0 7 4
P 14.066805232 21.7022741047 0 7 4
