P 11.4136129064 11.7953392346 0 17 3
P 21.8542081983 3.98093835346 1 100 5
P 0.973017614536 19.6097401157 2 100 5
P 6.93749442749 0.870327865943 0 51 3
P 15.8897313853 22.7203506032 0 51 3
P 22.8272258128 10.9359105205 0 9 5
P 0.0 12.6547679486 0 9 5
P 2.85285747276 3.25773408702 0 26 2
P 19.9743683401 20.3329443822 0 26 2
P 11.3461065945 10.6520130887 0 15 1
P 11.4811192183 12.9386653805 0 15 1
P 6.93855269599 8.61418888213 0 5 2
P 15.8886731169 14.976489587 0 5 2
P 16.3387128168 8.13731203033 0 64 3
P 6.48851299607 15.4533664388 0 64 3
P 4.29580542761 6.74151509443 0 74 3
P 18.5314203852 16.8491633747 0 74 3
P 9.6969178108 4.90750154563 0 55 3
P 13.130308002 18.6831769235 0 55 3
P 3.48056511907 11.664701916 0 43 3
P 19.3466606938 11.9259765532 0 43 3
P 5.58877877277 23.5906784692 0 53 3
P 17.2384470401 0.0 0 53 3
