P 11.8227568034 10.7497736558 0 72 1
P 3.18428706843 21.2762171234 1 100 5
P 20.4612265384 0.223330188142 2 100 5
P 18.4712947229 1.35255717354 0 90 1
P 5.1742188839 20.146990138 0 90 1
P 14.9205785145 8.89121101061 0 90 3
P 8.72493509227 12.6083363009 0 90 3
P 12.1902951961 9.42730307049 0 44 3
P 11.4552184106 12.0722442411 0 44 3
P 10.0262638662 3.03681294181 0 73 2
P 13.6192497406 18.4627343697 0 73 2
P 17.5207265344 15.1274203889 0 61 1
P 6.12478707235 6.37212692265 0 61 1
P 15.5633871423 19.9802192776 0 48 3
P 8.08212646447 1.51932803396 0 48 3
P 5.62231123212 17.8954901816 0 27 4
P 18.0232023747 3.60405712998 0 27 4
P 9.38879936576 10.6114769854 0 74 4
P 14.256714241 10.8880703261 0 74 4
P 23.118346409 18.6807018973 0 73 3
P 0.527167197733 2.81884541424 0 73 3
P 0.0 0.0 0 64 4
P 23.6455136068 21.4995473115 0 64 4
