P 15 15 0 73 3
P 18.8062908871 21.1582954281 1 100 5
P 11.1937091129 8.84170457191 2 100 5
P 2.69378547711 22.6061684179 0 47 2
P 27.3062145229 7.39383158205 0 47 2
P 3.22690830118 8.96399600076 0 35 4
P 26.7730916988 21.0360039992 0 35 4
P 6.37545475936 10.8727942743 0 5 2
P 23.6245452406 19.1272057257 0 5 2
P 23.561474704 17.3730538761 0 58 2
P 6.43852529603 12.6269461239 0 58 2
P 21.2658625659 18.8178147403 0 30 1
P 8.73413743413 11.1821852597 0 30 1
P 25.1777478861 20.8922573983 0 61 4
P 4.82225211388 9.10774260174 0 61 4
