P 15 15 0 18 4
P 26.7170756597 15.5967056445 1 100 5
P 3.28292434028 14.4032943555 2 100 5
P 20.4056495132 3.25215299303 0 2 1
P 9.59435048678 26.747847007 0 2 1
P 7.04541471045 23.4302000796 0 26 1
P 22.9545852896 6.56979992042 0 26 1
P 24.8409518215 6.20899843493 0 72 4
P 5.15904817854 23.7910015651 0 72 4
P 7.02170290765 19.8342497781 0 62 3
P 22.9782970923 10.1657502219 0 62 3
P 25.2258474366 23.4974981238 0 62 2
P 4.77415256341 6.50250187616 0 62 2
P 19.8133188033 25.9265860781 0 13 5
P 10.1866811967 4.0734139219 0 13 5
P 24.5748986072 14.2083500173 0 28 1
P 5.42510139279 15.7916499827 0 28 1
P 17.6278085566 12.4757183268 0 39 2
P 12.3721914434 17.5242816732 0 39 2
P 24.4077524901 15.2225623536 0 67 3
P 5.59224750987 14.7774376464 0 67 3
P 4.94866882504 25.7123216591 0 79 4
P 25.051331175 4.28767834088 0 79 4
P 18.7517306427 20.7617886783 0 80 4
P 11.2482693573 9.23821132174 0 80 4
