P 15 15 0 33 1
P 2.23912402096 17.0570357974 1 100 5
P 27.760875979 12.9429642026 2 100 5
P 14.5874899154 12.440982779 0 61 5
P 15.4125100846 17.559017221 0 61 5
P 14.0973047869 9.40010636857 0 74 3
P 15.9026952131 20.5998936314 0 74 3
P 0.0332873175488 15.4513261533 0 79 3
P 29.9667126825 14.5486738467 0 79 3
P 16.1618337728 1.77437774157 0 4 5
P 13.8381662272 28.2256222584 0 4 5
P 17.6831923397 6.55746682855 0 42 1
P 12.3168076603 23.4425331715 0 42 1
P 21.16099963 9.29760185722 0 25 2
P 8.83900037004 20.7023981428 0 25 2
P 27.0382618365 14.9771850009 0 13 4
P 2.96173816353 15.0228149991 0 13 4
P 3.66189362177 19.0083643585 0 73 3
P 26.3381063782 10.9916356415 0 73 3
