P 15 15 0 32 2
P 4.66312889905 18.15027777 1 100 5
P 5.62392900719 9.62743572181 2 100 5
P 20.6662714371 6.95784919333 0 10 2
P 18.7335911827 24.1018195147 0 10 2
P 22.7781815246 13.6724961616 0 58 3
P 22.2874138371 18.0258839763 0 58 3
P 16.4242708656 18.9351819782 0 89 4
P 17.2646348056 11.4806770683 0 89 4
P 9.23514020642 17.7285623271 0 33 4
P 9.98730226276 11.0564581646 0 33 4
P 19.8384386011 19.2498712265 0 33 5
P 20.6631739983 11.9340003581 0 33 5
P 13.0608850978 20.508827511 0 47 3
P 14.3360131043 9.19771867689 0 47 3
P 24.4419087698 23.0049135845 0 84 5
P 25.9871104562 9.29809798959 0 84 5
P 11.948151768 1.20631515691 0 91 1
P 8.95378594456 27.7680387992 0 91 1
P 26.975009422 6.06142666847 0 70 3
P 24.6844158151 26.3802914805 0 70 3
P 16.190140409 0.954655337106 0 62 3
P 13.033279903 28.957799001 0 62 3
P 18.6815046848 21.4012582654 0 91 5
P 20.0142518393 9.57903489991 0 91 5
P 3.7465009914 7.96004613698 0 74 4
P 2.46160111102 19.3578370358 0 74 4
