P 15 15 0 56 5
P 16.5794229451 5.37747842394 1 100 5
P 13.4205770549 24.6225215761 2 100 5
P 6.22915000836 13.5603688581 0 26 5
P 23.7708499916 16.4396311419 0 26 5
P 12.6826915869 20.8457959368 0 51 4
P 17.3173084131 9.15420406323 0 51 4
P 15.3641942964 29.0612438158 0 23 2
P 14.6358057036 0.938756184205 0 23 2
P 18.2771185675 14.2367845056 0 39 2
P 11.7228814325 15.7632154944 0 39 2
P 8.03202280474 23.4193744392 0 70 2
P 21.9679771953 6.58062556084 0 70 2
P 28.2782566664 11.6732836463 0 8 3
P 1.72174333355 18.3267163537 0 8 3
P 20.3417331344 7.29364634632 0 32 1
P 9.65826686556 22.7063536537 0 32 1
P 4.24167837266 22.7709535615 0 9 5
P 25.7583216273 7.22904643852 0 9 5
