P 15 15 0 82 5
P 27.9115686944 19.1694707465 1 100 5
P 23.7604398213 25.3608776941 2 100 5
P 10.3548678284 11.8855960463 0 31 1
P 13.967998357 14.308077816 0 86 2
P 6.44231826223 9.26236394269 0 93 3
P 6.63476774373 11.1036047754 0 11 3
P 8.21870585663 8.74116175407 0 11 3
P 5.9133065353 7.6242002434 0 45 4
P 4.72598037937 9.39509669969 0 45 4
P 27.6303045293 12.3417952651 0 49 4
P 17.3374526366 27.6935794828 0 49 4
P 8.3238604208 4.49441461669 0 10 3
P 2.74610350152 12.8136366881 0 10 3
P 5.35260682891 15.812156257 0 48 2
P 12.08759511 5.7669241019 0 48 2
