P 15 15 0 3 5
P 5.76613461292 10.4832974292 1 100 5
P 24.2338653871 19.5167025708 2 100 5
P 11.4446129451 22.2685692603 0 57 3
P 18.5553870549 7.73143073967 0 57 3
P 8.6930830472 27.2577563735 0 9 2
P 21.3069169528 2.7422436265 0 9 2
P 10.8610194054 25.1892515904 0 24 2
P 19.1389805946 4.81074840957 0 24 2
P 3.45543329514 24.0341525182 0 65 1
P 26.5445667049 5.96584748182 0 65 1
P 10.1937615849 4.27522949049 0 40 3
P 19.8062384151 25.7247705095 0 40 3
P 10.6981304744 1.94172379405 0 79 2
P 19.3018695256 28.058276206 0 79 2
P 15.6532676338 9.65366346149 0 91 2
P 14.3467323662 20.3463365385 0 91 2
P 6.03355848758 15.4501654817 0 47 3
P 23.9664415124 14.5498345183 0 47 3
P 20.8468682141 16.1688209927 0 20 1
P 9.15313178591 13.8311790073 0 20 1
P 22.4915378176 2.88970036824 0 67 2
P 7.50846218238 27.1102996318 0 67 2
P 19.0964914063 2.09701207959 0 83 3
P 10.9035085937 27.9029879204 0 83 3
P 10.5419670896 6.43844625799 0 66 4
P 19.4580329104 23.561553742 0 66 4
P 3.82321295423 6.75564197617 0 45 1
P 26.1767870458 23.2443580238 0 45 1
