P 15 15 0 91 5
P 6.73993949874 24.8826554654 1 100 5
P 23.2600605013 5.11734453458 2 100 5
P 10.2682317068 11.0451224353 0 72 2
P 19.7317682932 18.9548775647 0 72 2
P 22.7570370795 19.443183357 0 84 4
P 7.24296292045 10.556816643 0 84 4
P 0.411950921897 16.044014696 0 89 5
P 29.5880490781 13.955985304 0 89 5
P 8.95826535955 10.1641198125 0 52 5
P 21.0417346405 19.8358801875 0 52 5
P 17.6745409149 8.76637275702 0 43 3
P 12.3254590851 21.233627243 0 43 3
P 12.6955300845 25.9092770674 0 86 3
P 17.3044699155 4.09072293257 0 86 3
P 5.44758722295 6.83761327436 0 71 1
P 24.5524127771 23.1623867256 0 71 1
