P 15 15 0 16 3
P 28.2453274503 16.670232776 1 100 5
P 1.75467254966 13.329767224 2 100 5
P 13.7173293702 25.1718710989 0 1 3
P 16.2826706298 4.82812890108 0 1 3
P 13.2816048815 28.6272658289 0 7 5
P 16.7183951185 1.37273417111 0 7 5
P 18.1920823471 24.6806959141 0 26 2
P 11.8079176529 5.31930408586 0 26 2
P 27.9025515689 18.6951740443 0 74 2
P 2.09744843105 11.3048259557 0 74 2
P 2.39281724723 6.96024087864 0 17 5
P 27.6071827528 23.0397591214 0 17 5
P 21.7042336397 9.12660640974 0 93 5
P 8.29576636025 20.8733935903 0 93 5
P 24.0069218261 8.89182710199 0 57 1
P 5.99307817389 21.108172898 0 57 1
P 20.9109638563 21.7436131117 0 81 2
P 9.08903614371 8.25638688826 0 81 2
P 29.5782156211 13.25712462 0 26 5
P 0.421784378865 16.74287538 0 26 5
P 12.7313969521 1.61338513908 0 7 2
P 17.2686030479 28.3866148609 0 7 2
P 16.1090568935 13.1544019577 0 97 4
P 13.8909431065 16.8455980423 0 97 4
