P 15 15 0 49 4
P 17.7996905016 24.1274187685 1 100 5
P 12.2003094984 5.87258123153 2 100 5
P 12.5219081789 15.7601152428 0 71 2
P 17.4780918211 14.2398847572 0 71 2
P 9.86029644754 14.1032587192 0 9 1
P 20.1397035525 15.8967412808 0 9 1
P 28.1698327759 16.4549881738 0 11 5
P 1.83016722412 13.5450118262 0 11 5
P 26.7237299606 21.2068761894 0 99 2
P 3.27627003939 8.79312381064 0 99 2
P 14.6861801207 3.23833747431 0 62 1
P 15.3138198793 26.7616625257 0 62 1
P 18.1987968477 22.5071762041 0 79 3
P 11.8012031523 7.49282379586 0 79 3
P 16.0395084703 8.07180575186 0 2 4
P 13.9604915297 21.9281942481 0 2 4
P 8.35430954593 9.74561035299 0 94 5
P 21.6456904541 20.254389647 0 94 5
P 7.72802977001 18.0617906613 0 13 4
P 22.27197023 11.9382093387 0 13 4
P 20.2045601956 13.9873650357 0 42 2
P 9.79543980437 16.0126349643 0 42 2
P 19.8606958977 2.19995165372 0 66 5
P 10.1393041023 27.8000483463 0 66 5
