P 15 15 0 84 3
P 23.5505573189 25.2373014479 1 100 5
P 11.756466908 2.06192191709 2 100 5
P 4.67057667083 20.2567058276 0 20 4
P 16.1538617565 27.7616023667 0 91 4
P 5.36217191481 6.55593926372 0 91 4
P 4.52039368194 12.8878469599 0 29 4
P 10.539450087 24.7152886483 0 29 4
P 5.40446847163 14.1393180534 0 6 4
P 10.0480623179 23.2639767617 0 6 4
P 12.588230382 10.9184082777 0 71 4
P 16.8801939719 19.3521137744 0 71 4
P 2.97653814826 15.6722804409 0 95 1
P 7.37972344022 24.3245365056 0 95 1
P 6.08969405835 12.9327253191 0 63 4
P 11.4268288306 23.420191469 0 63 4
P 12.223402628 5.65193147783 0 28 2
P 20.9230852619 22.7468018589 0 28 2
