P 15 15 0 12 1
P 17.0872651204 19.4584267914 1 100 5
P 10.0779755259 14.9110044191 2 100 5
P 12.2849695867 19.1848838455 0 20 1
P 10.8814377047 21.3482547865 0 56 1
P 9.89942294503 22.8619091764 0 68 2
P 9.09867854764 24.0961577051 0 90 5
P 27.5648981775 10.6121426395 0 37 4
P 13.8860182465 1.73768485219 0 37 4
P 6.98823023102 13.3240472539 0 100 4
P 19.7956850506 21.6331498802 0 100 4
P 26.2556760406 12.2529826145 0 40 1
P 12.9212151036 3.60197381119 0 40 1
P 12.661103721 6.47607381533 0 45 2
P 23.7371133138 13.661865348 0 45 2
P 12.6878728824 25.9281845695 0 84 5
P 5.96291272245 21.5652268301 0 84 5
P 7.06184316565 10.9176951556 0 94 2
P 21.9631178416 20.5852069517 0 94 2
