P 15 15 0 47 4
P 26.8469142626 10.5450419712 1 100 5
P 27.4288169384 17.3917646409 2 100 5
P 10.4879408039 23.125176437 0 18 3
P 9.18144504058 7.75282203158 0 18 3
P 21.5384482202 5.92671624066 0 78 3
P 22.9758829733 22.8397113532 0 78 3
P 8.73289104676 19.348114095 0 40 4
P 8.08898840018 11.7718938243 0 40 4
P 25.8531492455 16.2041083288 0 24 4
P 25.494276301 11.9815748594 0 24 4
P 5.28712690709 20.4352337206 0 51 3
P 4.50918350074 11.2818770199 0 51 3
P 3.34881013586 18.6298689297 0 63 1
P 2.90334297369 13.3884595926 0 63 1
P 15.0888876649 10.6090614308 0 75 5
P 15.8286315286 19.312958651 0 75 5
P 2.18366956383 15.4855970915 0 91 3
P 2.28554416155 16.684263375 0 91 3
P 10.050359954 13.3092435433 0 5 1
P 10.4066861488 17.5018117126 0 5 1
P 20.5341306697 23.0143463372 0 20 1
P 19.1022463688 6.16665837796 0 20 1
P 5.93804267394 5.68506766 0 8 5
P 7.64001460512 25.7106325707 0 8 5
P 19.8534296002 21.4208758014 0 90 2
P 18.7002241166 7.85214952396 0 90 2
P 28.6954689108 14.6518979394 0 92 2
P 28.5577810591 13.031849476 0 92 2
