P 15 15 0 2 5
P 13.3666978427 4.69617739372 1 100 5
P 16.6333021573 25.3038226063 2 100 5
P 4.47459328687 16.6684263838 0 66 3
P 25.5254067131 13.3315736162 0 66 3
P 27.4215491338 20.8595642838 0 40 2
P 2.57845086624 9.1404357162 0 40 2
P 17.7868810371 2.01806344592 0 50 2
P 12.2131189629 27.9819365541 0 50 2
P 18.3686550802 11.0316825684 0 75 1
P 11.6313449198 18.9683174316 0 75 1
P 17.9447694412 15.7190350142 0 71 3
P 12.0552305588 14.2809649858 0 71 3
P 19.1705399124 6.93416127881 0 5 5
P 10.8294600876 23.0658387212 0 5 5
P 3.43060397598 12.5646043764 0 59 1
P 26.569396024 17.4353956236 0 59 1
P 13.4468744964 22.0617926885 0 36 5
P 16.5531255036 7.93820731152 0 36 5
P 7.05113501472 5.060763844 0 87 5
P 22.9488649853 24.939236156 0 87 5
P 19.01041402 0.653565658185 0 48 5
P 10.98958598 29.3464343418 0 48 5
