P 15 15 0 37 1
P 10.0954254496 7.34700265433 1 100 5
P 13.1026044043 6.11050564728 2 100 5
P 19.7664632556 26.5921089246 0 32 4
P 20.5441305898 28.483407349 0 25 1
P 17.7759955276 21.7512620583 0 83 5
P 24.0947900682 25.2243745024 0 3 5
P 15.7279471791 28.6646673306 0 3 5
P 23.1821262925 25.819020649 0 14 3
P 16.7949270499 28.4453202028 0 14 3
P 15.144858399 7.37262327969 0 47 4
P 9.53168703704 9.6806567202 0 47 4
P 0.70372160531 10.5802698658 0 15 5
P 22.0522496624 1.80214543586 0 15 5
P 19.2821960519 21.6851305455 0 26 3
P 16.6589278772 22.7637704587 0 26 3
P 26.7078600481 19.1436851439 0 78 5
P 9.59331770035 26.1808720585 0 78 5
P 9.71669751209 13.6446916191 0 23 5
P 17.801795623 10.3202470927 0 23 5
P 8.69354434239 3.44336672036 0 19 1
P 11.3530579737 2.34982333806 0 19 1
P 6.90684317174 8.85587681292 0 4 4
P 16.4303170054 4.93999848663 0 4 4
P 1.36626418787 9.16739660902 0 55 4
P 20.5874777057 1.26398502476 0 55 4
P 27.7483301498 21.7321933641 0 50 2
P 10.6746359044 28.7525842859 0 50 2
P 4.56471166968 13.3935484366 0 23 3
P 21.2869634319 6.51766423864 0 23 3
