P 15 15 0 43 5
P 7.47817736844 10.7717814941 1 100 5
P 23.6115442892 15.5449333812 2 100 5
P 16.7885202029 8.95475916943 0 62 1
P 18.1716311827 4.27981115657 0 36 5
P 17.331631424 7.11903032278 0 26 4
P 18.7756014872 2.23837716042 0 93 1
P 18.3866616594 18.8396653315 0 78 4
P 10.0693805866 16.3789486043 0 78 4
P 15.270164282 21.8512745904 0 83 1
P 11.0456319594 20.6014217527 0 83 1
P 12.0290010292 20.1335853368 0 48 2
P 14.6996335127 20.9237077298 0 48 2
P 11.9118334283 23.6013050115 0 30 3
P 12.9111977243 23.8969728407 0 30 3
P 28.2619562191 11.5346923188 0 24 4
P 5.75827097519 4.87684413268 0 24 4
P 19.2739828134 24.4956015593 0 54 1
P 6.24756893057 20.6416600781 0 54 1
P 7.08329308592 3.19063198403 0 39 5
P 28.0676717488 9.39898434509 0 39 5
