P 15 15 0 83 5
P 16.3983227095 26.2687738055 1 100 5
P 18.747903639 4.28114801895 2 100 5
P 20.3664953005 15.5734595967 0 58 5
P 23.2103746286 15.8773543737 0 52 4
P 27.9452156467 16.3833158753 0 59 3
P 26.6891690532 16.2490956939 0 66 1
P 21.4930783817 15.6938454059 0 73 2
P 11.7413033 24.1616095793 0 33 1
P 13.7507839209 5.35667829765 0 33 1
P 23.7828566409 22.2876794793 0 89 4
P 25.1244676059 9.73274277584 0 89 4
P 23.7033386617 4.24256310294 0 10 4
P 21.2337110229 27.3535986392 0 10 4
P 10.1318551903 11.860248513 0 36 4
P 9.57833061472 17.0401897865 0 36 4
P 16.6580380676 6.23968221597 0 4 2
P 14.7694954498 23.9128629274 0 4 2
P 6.16695974869 11.1344133562 0 46 2
P 5.54958930221 16.9118310136 0 46 2
P 28.4869849463 14.584994662 0 38 5
P 28.0947564795 18.2555099623 0 38 5
P 2.0948482693 20.1750530193 0 81 1
P 3.47976369244 7.21486863544 0 81 1
P 25.1418765648 7.2774835469 0 60 2
P 23.2810624854 24.6911776754 0 60 2
P 11.3768194577 27.9739052679 0 22 2
P 14.2000895296 1.55344659844 0 22 2
P 17.6924676114 15.8948354464 0 13 1
P 17.820755553 14.694303378 0 13 1
