P 15 15 0 100 2
P 17.6888306444 19.8206698863 1 100 5
P 9.89378406635 17.0964797223 2 100 5
P 17.8472857282 6.85272556752 0 27 4
P 19.2148555412 2.93953678499 0 21 2
P 19.9474308354 0.843332703844 0 8 4
P 20.9310049682 25.5518412408 0 44 1
P 3.78754492746 19.5605947804 0 44 1
P 12.0228120525 20.1931117124 0 83 5
P 14.094425882 20.917093277 0 83 5
P 20.9558727138 20.1143149842 0 62 1
P 7.15501292487 15.2912307197 0 62 1
P 24.4820954214 24.6326422157 0 33 5
P 1.58201311681 16.6295881808 0 33 5
P 18.8563519074 17.3849094001 0 72 2
P 10.4975959685 14.4637157312 0 72 2
P 13.9112966245 10.2588608782 0 42 3
P 18.8048695644 11.9690524898 0 42 3
