P 15 15 0 61 5
P 1.52854697282 11.6539283015 1 100 5
P 28.8456707915 15.9867334034 2 100 5
P 14.418395158 18.6668557919 0 37 2
P 12.7617951112 29.1112555591 0 7 2
P 13.3448711372 25.4351243637 0 82 3
P 19.3375059457 8.04181187064 0 21 2
P 13.0285078233 7.04113334264 0 21 2
P 17.966553557 1.63389613538 0 50 5
P 16.3150256295 1.3719451087 0 50 5
P 4.22258044866 11.8622359488 0 11 2
P 26.2194031609 15.3511810627 0 11 2
P 1.81432099118 8.6101406227 0 41 3
P 29.5157860592 13.0039065979 0 41 3
P 17.8957235883 7.7484099199 0 26 4
P 14.4903166782 7.20827383047 0 26 4
