P 15 15 0 81 4
P 6.85206449305 3.63755191015 1 100 5
P 23.1479355069 26.3624480898 2 100 5
P 22.0389654448 4.06231175994 0 86 5
P 7.96103455518 25.9376882401 0 86 5
P 7.53880175746 14.3289430023 0 57 4
P 22.4611982425 15.6710569977 0 57 4
P 15.3489362549 19.8543974187 0 79 1
P 14.6510637451 10.1456025813 0 79 1
P 16.3511278579 25.6396744593 0 43 2
P 13.6488721421 4.36032554069 0 43 2
P 9.06009076277 11.3068118936 0 88 2
P 20.9399092372 18.6931881064 0 88 2
P 8.33530359728 27.9235050689 0 7 2
P 21.6646964027 2.07649493109 0 7 2
P 7.94158836223 5.67807565125 0 9 4
P 22.0584116378 24.3219243487 0 9 4
P 20.8985732165 26.0731113639 0 75 1
P 9.10142678353 3.92688863606 0 75 1
P 17.8746884806 13.6127245647 0 2 1
P 12.1253115194 16.3872754353 0 2 1
P 24.0150487127 16.5015354811 0 26 5
P 5.98495128733 13.4984645189 0 26 5
