P 15 15 0 88 1
P 5.78067832627 19.0596749546 1 100 5
P 22.7168841747 21.4750715436 2 100 5
P 16.8693921316 1.89225194074 0 77 1
P 16.4708777392 4.68654328558 0 98 1
P 15.9079378753 8.63374825334 0 33 1
P 16.3263950891 5.69962242711 0 5 1
P 11.4002279693 0.761094316845 0 37 4
P 22.4367226259 2.33508980241 0 37 4
P 17.3657605154 14.7467320511 0 36 3
P 12.7993595348 14.0954841004 0 36 3
P 22.7364918014 4.07746329038 0 87 2
P 10.6253318329 2.3502018991 0 87 2
P 15.196685543 2.71472922321 0 14 5
P 18.245487938 3.14954130399 0 14 5
P 0.694908160205 13.6314565901 0 82 3
P 29.117343916 17.6849887088 0 82 3
P 28.1308690862 19.3659191724 0 26 1
P 1.17215173425 15.5211386756 0 26 1
P 16.3279416067 11.7411526327 0 6 5
P 14.636008093 11.4998535794 0 6 5
P 13.8646685398 5.32148461201 0 86 5
P 18.7956842505 6.02473294487 0 86 5
