P 15 15 0 59 5
P 9.58519871553 3.50931389196 1 100 5
P 4.8064044281 22.579350203 2 100 5
P 27.5268755625 18.139132008 0 42 5
P 25.4801883114 17.6262490127 0 3 3
P 14.4563494084 8.04574493345 0 95 1
P 11.241170693 20.8760889831 0 95 1
P 19.7265293789 22.7001426138 0 55 5
P 22.7991487473 10.4386893265 0 55 5
P 3.65549501865 11.0531677253 0 8 4
P 3.13488446255 13.1306922245 0 8 4
P 24.4745663283 13.1502238417 0 73 4
P 22.4826401528 21.0991126641 0 73 4
P 19.025003746 3.3378439253 0 86 3
P 13.0498310924 27.1820926239 0 86 3
P 28.1271994732 13.0988807376 0 37 4
P 25.6794233919 22.8668631915 0 37 4
P 25.0868795997 4.79457231799 0 26 2
P 19.0823149591 28.7561113257 0 26 2
P 15.952175907 11.8185028255 0 59 1
P 14.3393548131 18.2545523757 0 59 1
P 23.1288208827 12.2371733403 0 92 5
P 20.8653559302 21.2696522955 0 92 5
P 2.23537913685 7.64739840774 0 87 5
P 0.276525158905 15.4643108423 0 87 5
