P 15 15 0 49 5
P 14.0836465737 21.5166427905 1 100 5
P 21.4521439021 13.7053278689 2 100 5
P 19.5715401079 19.3123829227 0 96 4
P 22.7242959682 22.2864114143 0 20 5
P 4.69058491976 12.0612270226 0 2 1
P 11.4652540304 4.87942704985 0 2 1
P 8.50223200363 23.7260479576 0 93 3
P 23.3324325912 8.00461087528 0 93 3
P 9.33828197426 17.0771500957 0 43 1
P 16.7435773601 9.22682569876 0 43 1
P 28.0160896955 20.1924421751 0 14 5
P 20.9423639374 27.691270919 0 14 5
P 15.1935917475 29.9095292983 0 14 1
P 29.8954607049 14.3241360704 0 14 1
P 14.9650932733 28.7120332512 0 66 2
P 28.6866810614 14.1658322199 0 66 2
