P 15 15 0 27 4
P 18.223393967 28.7306670607 1 100 5
P 11.776606033 1.26933293927 2 100 5
P 1.0611853846 18.2722584227 0 45 2
P 28.9388146154 11.7277415773 0 45 2
P 5.42153923721 17.248627288 0 54 4
P 24.5784607628 12.751372712 0 54 4
P 27.0502263174 10.8508322566 0 86 2
P 2.94977368261 19.1491677434 0 86 2
P 5.46259309951 21.2214739612 0 82 2
P 24.5374069005 8.77852603875 0 82 2
P 14.1675261113 18.8562420609 0 29 5
P 15.8324738887 11.1437579391 0 29 5
P 21.8603815551 15.5123324038 0 26 3
P 8.13961844494 14.4876675962 0 26 3
P 22.1462235112 19.1782217761 0 13 3
P 7.85377648879 10.8217782239 0 13 3
P 12.659906304 2.00284196948 0 10 2
P 17.340093696 27.9971580305 0 10 2
P 0.260510035204 15.1293425256 0 30 3
P 29.7394899648 14.8706574744 0 30 3
P 14.2018502015 24.0816490224 0 78 4
P 15.7981497985 5.91835097763 0 78 4
P 26.0848132456 10.2475051519 0 92 1
P 3.91518675443 19.7524948481 0 92 1
