P 15 15 0 81 5
P 26.493249415 10.6465451553 1 100 5
P 25.4505534234 21.4678655168 2 100 5
P 24.1864417526 17.4601553062 0 19 3
P 24.4871680834 14.3391536019 0 19 3
P 8.24845229581 5.68856395601 0 66 5
P 6.59475433404 22.8509924785 0 66 5
P 13.4129660015 18.8674422912 0 87 2
P 14.1806085572 10.9006848802 0 87 2
P 19.633716122 28.2802959843 0 5 1
P 22.0841868196 2.84879085707 0 5 1
P 4.49720971745 24.2357370246 0 42 3
P 6.45389963898 3.92879361921 0 42 3
P 11.6695520399 26.3590816605 0 70 3
P 13.8997135754 3.21399178817 0 70 3
P 8.80073501246 19.5657467468 0 74 5
P 9.786566851 9.33457463713 0 74 5
P 8.05751638717 27.5155475906 0 90 3
P 10.5749463206 1.38912529846 0 90 3
