P 15 15 0 40 5
P 11.6700961956 3.77525337846 1 100 5
P 4.22008582306 10.4309031087 2 100 5
P 5.69288633434 4.58206994687 0 3 4
P 8.89080448278 8.16166387716 0 99 5
P 11.2833674455 10.8397824098 0 85 3
P 17.1140298502 19.8967709073 0 17 3
P 19.6284594596 17.6504434641 0 17 3
P 27.3726421497 20.5206040896 0 26 3
P 19.096572968 27.914233744 0 26 3
P 19.4646498753 6.55450046579 0 96 4
P 6.10663487083 18.488211228 0 96 4
P 8.731938365 25.8394940572 0 17 5
P 26.4746993494 9.98856278938 0 17 5
P 14.4658495914 5.74885880084 0 44 2
P 5.86732231026 13.4305643176 0 44 2
P 25.6846084501 6.72887407307 0 56 3
P 5.58156638425 24.6884204108 0 56 3
