P 15 15 0 29 5
P 21.8141310776 25.6815040602 1 100 5
P 8.18586892235 4.3184959398 2 100 5
P 5.51501947185 21.0508239498 0 49 5
P 24.4849805282 8.94917605016 0 49 5
P 3.78840699299 8.0018382765 0 78 4
P 26.211593007 21.9981617235 0 78 4
P 14.3468376489 19.416180041 0 69 4
P 15.6531623511 10.583819959 0 69 4
P 18.3557315661 8.70827872051 0 11 5
P 11.6442684339 21.2917212795 0 11 5
P 20.2341734196 13.356637105 0 92 1
P 9.76582658037 16.643362895 0 92 1
P 26.8224471693 12.2497505079 0 94 3
P 3.17755283074 17.7502494921 0 94 3
P 8.72411289462 24.3177164142 0 29 4
P 21.2758871054 5.68228358585 0 29 4
