P 15 15 0 24 1
P 13.5903879221 24.9398999336 1 100 5
P 24.9411923166 13.5995314268 2 100 5
P 4.92619915287 4.91692881436 0 98 5
P 7.56979348587 7.56295589491 0 81 3
P 9.92849648998 23.4534427914 0 13 1
P 23.4581040804 9.93627427237 0 13 1
P 6.73640727182 12.0613409112 0 65 1
P 12.0689431636 6.73370773324 0 65 1
P 15.6212382368 20.382322573 0 4 5
P 20.3817488694 15.6261887364 0 4 5
P 7.84012703767 18.4069698729 0 48 4
P 18.4135542185 7.84326386202 0 48 4
P 8.01222888183 12.557916325 0 71 3
P 12.5643448424 8.00998556302 0 71 3
P 5.48728042981 17.9162413999 0 75 3
P 17.924990146 5.48996686815 0 75 3
