P 14 14 0 44 4
P 18.4088380554 17.1671737161 1 100 5
P 13.4354088653 8.60091867096 2 100 5
P 10.302230417 23.9741022813 0 46 4
P 3.50476805823 12.2661249483 0 46 4
P 15.2714436593 18.211857727 0 97 2
P 10.9726479989 10.8075942689 0 97 2
P 8.29695635327 7.72416560419 0 1 1
P 16.6226006324 22.064289809 0 1 1
P 13.182815099 24.7612769073 0 52 4
P 4.24934895104 9.37423779702 0 52 4
P 5.68377097404 18.0139823177 0 83 3
P 6.39092690883 19.23199063 0 83 3
P 13.8900700744 7.18592864652 0 74 2
P 19.8630885706 17.4738804544 0 74 2
P 11.3482560736 18.9541306294 0 43 5
P 8.38291625388 13.8466170367 0 43 5
P 24.2959498252 16.3018202017 0 71 1
P 17.1057410175 3.91737475776 0 71 1
P 21.0252404628 21.0855165913 0 4 2
P 11.3297859137 4.38602550149 0 4 2
P 6.37763652923 12.036223901 0 91 4
P 11.9262517761 21.5931817936 0 91 4
