P 15 15 0 28 2
P 29.0633059512 11.0993282872 1 100 5
P 0.936694048815 18.9006717128 2 100 5
P 11.260796764 1.5188452162 0 37 1
P 18.739203236 28.4811547838 0 37 1
P 7.28734184703 24.1690055672 0 42 1
P 22.712658153 5.83099443285 0 42 1
P 16.1809267564 23.1182872533 0 86 2
P 13.8190732436 6.88171274665 0 86 2
P 12.0785715023 4.29019361895 0 49 4
P 17.9214284977 25.709806381 0 49 4
P 17.0100833401 17.7438739297 0 91 5
P 12.9899166599 12.2561260703 0 91 5
P 24.1822425426 4.49925123689 0 8 4
P 5.81775745743 25.5007487631 0 8 4
P 17.9103334316 6.21512597858 0 58 5
P 12.0896665684 23.7848740214 0 58 5
P 16.639170786 3.59916796067 0 77 5
P 13.360829214 26.4008320393 0 77 5
P 4.70893555448 9.87667213577 0 75 1
P 25.2910644455 20.1233278642 0 75 1
P 1.91637335309 19.6258308567 0 89 4
P 28.0836266469 10.3741691433 0 89 4
