P 15 15 0 72 0
P 23.534941854 11.5449776862 1 100 5
P 6.46505814597 18.4550223138 2 100 5
P 9.75486730517 2.0429483515 0 72 5
P 20.2451326948 27.9570516485 0 72 5
P 17.5028497928 0.257937471972 0 44 2
P 12.4971502072 29.742062528 0 44 2
P 5.48044912099 13.6980675409 0 31 1
P 24.519550879 16.3019324591 0 31 1
P 4.7697421211 22.9806822949 0 83 4
P 25.2302578789 7.01931770508 0 83 4
P 27.2075913061 13.9434073222 0 81 1
P 2.79240869386 16.0565926778 0 81 1
P 6.64603354671 21.6658538927 0 59 2
P 23.3539664533 8.3341461073 0 59 2
P 18.7934934333 29.4374041473 0 5 4
P 11.2065065667 0.562595852684 0 5 4
P 23.353357755 19.3553379064 0 67 2
P 6.64664224497 10.6446620936 0 67 2
P 22.9288693425 9.78503169797 0 20 1
P 7.07113065752 20.214968302 0 20 1
P 12.0129889342 14.0553970633 0 26 3
P 17.9870110658 15.9446029367 0 26 3
