P 15 15 0 9 3
P 12.5924773048 6.73924542236 1 100 5
P 17.4075226952 23.2607545776 2 100 5
P 4.95507658868 17.9275026703 0 2 1
P 25.0449234113 12.0724973297 0 2 1
P 2.04430317479 18.7758214272 0 58 2
P 27.9556968252 11.2241785728 0 58 2
P 20.2556426175 13.836730593 0 31 2
P 9.74435738246 16.163269407 0 31 2
P 20.6092700989 10.1532427838 0 47 4
P 9.39072990112 19.8467572162 0 47 4
P 23.5854357555 5.48010663476 0 41 1
P 6.41456424449 24.5198933652 0 41 1
P 11.7364496984 28.2372580296 0 74 4
P 18.2635503016 1.76274197041 0 74 4
P 10.6099079094 12.2477598419 0 55 5
P 19.3900920906 17.7522401581 0 55 5
