P 15 15 0 73 4
P 16.4595116446 19.5242102838 1 100 5
P 11.0763717193 17.6839884589 2 100 5
P 19.3215003856 2.35845812261 0 50 4
P 17.7773309367 6.87556584284 0 61 5
P 6.56855064011 12.4066834319 0 29 3
P 23.2545549648 18.1107798802 0 29 3
P 9.38433387302 6.47877904859 0 25 5
P 24.6568512017 11.6996761643 0 25 5
P 2.22803237858 19.5556725765 0 8 5
P 22.3104175279 26.4208189336 0 8 5
P 13.0128496439 2.7415102246 0 48 5
P 24.0754717079 6.52325820909 0 48 5
P 17.5587985048 10.8135354777 0 61 3
P 15.5394616115 10.1232268707 0 61 3
P 10.738082588 13.1332477982 0 46 2
P 19.5127927048 16.132875021 0 46 2
P 22.3353469268 5.96987143025 0 52 3
P 14.7275860373 3.36916481261 0 52 3
