P 15 15 0 16 0
P 13.1434623912 16.9506107937 1 100 5
P 16.8565376088 13.0493892063 2 100 5
P 9.70919017421 9.96435298396 0 27 4
P 20.2908098258 20.035647016 0 27 4
P 8.8237350404 9.12160118429 0 25 5
P 21.1762649596 20.8783988157 0 25 5
P 25.9623682448 7.28643446368 0 24 4
P 4.03763175521 22.7135655363 0 24 4
P 3.84551786257 20.7289527955 0 3 1
P 26.1544821374 9.27104720449 0 3 1
P 12.2315966566 3.8972720299 0 84 2
P 17.7684033434 26.1027279701 0 84 2
P 9.56715628717 24.7788971483 0 4 2
P 20.4328437128 5.22110285172 0 4 2
P 21.4731911954 14.5296222638 0 26 2
P 8.52680880458 15.4703777362 0 26 2
P 11.2562676295 11.6694034563 0 72 4
P 18.7437323705 18.3305965437 0 72 4
P 9.59063301683 11.2711286013 0 81 5
P 20.4093669832 18.7288713987 0 81 5
P 9.43177322477 12.7234169228 0 64 3
P 20.5682267752 17.2765830772 0 64 3
P 16.9965084166 16.302845227 0 4 4
P 13.0034915834 13.697154773 0 4 4
P 8.98436798433 3.94132294992 0 93 2
P 21.0156320157 26.0586770501 0 93 2
