P 15 15 0 53 2
P 18.4337628605 27.7000013692 1 100 5
P 2.31907949555 18.5035720799 2 100 5
P 8.41831716723 26.5329256087 0 35 1
P 10.228185746 23.3615361312 0 14 5
P 14.9474688414 9.84653920752 0 33 3
P 19.4636933153 12.4238867165 0 33 3
P 28.7847325542 11.8173338579 0 38 1
P 10.728485781 1.51288089919 0 38 1
P 28.3205263537 14.2869520192 0 19 5
P 8.83834112869 3.168735498 0 19 5
P 12.0119611757 5.66364094203 0 31 5
P 24.5582063766 12.8236114002 0 31 5
P 5.89563620465 13.6524431881 0 12 3
P 20.7911986942 22.1531368758 0 12 3
P 7.94511540834 11.5835194764 0 68 3
P 21.5299982922 19.3362262479 0 68 3
P 20.8722341284 9.08261353674 0 14 2
P 17.1077400729 6.93426829116 0 14 2
