P 15 15 0 94 0
P 10.9248151719 25.6926822569 1 100 5
P 25.8423111483 18.6585344326 2 100 5
P 19.6831664956 24.9317101516 0 9 1
P 17.2524988258 19.7769314791 0 17 5
P 14.8899609489 29.0537661033 0 71 1
P 25.9128650996 23.8560615172 0 71 1
P 13.5542928909 5.77666620795 0 50 5
P 8.80370394705 8.01674355983 0 50 5
P 7.76134828959 2.86255215215 0 91 4
P 10.2408387921 1.69338121683 0 91 4
P 12.2860113741 16.9350501525 0 23 3
P 18.2195738541 14.137157284 0 23 3
P 26.7404327851 16.573593073 0 71 4
P 8.74484480379 25.0591744499 0 71 4
P 12.9386476966 28.8970855477 0 8 4
P 27.0334008861 22.2508911971 0 8 4
P 26.0937339413 14.4973312204 0 20 4
P 7.55438059938 23.2393179574 0 20 4
P 21.5331904693 23.0311037961 0 85 4
P 17.0398184174 25.1498939264 0 85 4
P 13.5577452843 8.54242305967 0 52 2
P 10.9353633603 9.77897255393 0 52 2
P 2.80505710652 8.39935982848 0 28 3
P 17.6658109544 1.39196800398 0 28 3
P 9.80221942155 12.6266315249 0 60 2
P 16.4756932207 9.47984326503 0 60 2
P 6.56906538879 27.3910323995 0 67 3
P 29.9237476061 16.3784410527 0 67 3
