P 15 15 0 19 3
P 11.3685718952 25.8461068373 1 100 5
P 6.58443783368 7.2537998328 2 100 5
P 2.49434774423 18.2179286252 0 41 1
P 8.1376939358 16.7657944318 0 70 3
P 9.70739816029 16.3618813808 0 93 4
P 27.7756881754 9.91208903775 0 18 4
P 28.6447461307 13.2894593417 0 18 4
P 7.87996671987 13.1061253312 0 94 1
P 9.67841355731 20.0953265749 0 94 1
P 23.0137910375 6.50837385664 0 92 3
P 26.1171768632 18.5688849719 0 92 3
P 9.76519124167 26.4140334579 0 31 3
P 4.90607432033 7.53032484726 0 31 3
P 10.9085072832 7.94035275099 0 45 4
P 14.8242030053 23.1576974293 0 45 4
P 0.599666915901 15.1109733066 0 6 1
P 2.33464358228 21.853514049 0 6 1
P 13.3976578591 8.78892219324 0 58 2
P 16.5946130625 21.2130666373 0 58 2
P 14.7447912512 12.0648431735 0 7 2
P 16.1932201449 17.6937896702 0 7 2
P 16.6817753278 3.66375190555 0 23 2
P 21.9446386398 24.1165170583 0 23 2
P 8.94732726402 4.70551449167 0 12 2
P 14.6679850497 26.937380165 0 12 2
