P 15 15 0 74 1
P 9.73755760682 6.37316958652 1 100 5
P 21.4872660351 22.7479598808 2 100 5
P 3.76218998732 23.0636752379 0 62 5
P 9.57534741289 18.8924520606 0 54 5
P 2.87245257569 23.7021051033 0 46 2
P 13.1356885089 16.3377341661 0 44 4
P 7.49684213072 20.3838806892 0 41 4
P 28.0462946268 13.8573534097 0 42 3
P 20.2604165838 3.00669094515 0 42 3
P 10.0610359345 16.1215283601 0 11 5
P 12.3558813009 19.3197023287 0 11 5
P 16.7391702322 12.7713901165 0 48 2
P 17.6681952759 14.0661107781 0 48 2
P 19.3400220766 15.1683465026 0 61 5
P 16.2303680424 10.8346276697 0 61 5
P 4.8665893971 11.4066529771 0 90 2
P 15.1589847999 25.7504826453 0 90 2
P 5.04357916479 9.27698150462 0 20 3
P 17.233179389 26.2648198549 0 20 3
P 18.1662770922 18.1717816311 0 36 3
P 13.0092243821 10.9847388904 0 36 3
P 3.21920450188 15.1919959314 0 62 4
P 11.0454329063 26.0988920216 0 62 4
P 22.4566659916 15.9406866321 0 54 4
P 16.4967762516 7.63478310549 0 54 4
