P 15 15 0 40 1
P 29.2493782489 15.4961248826 1 100 5
P 0.750621751124 14.5038751174 2 100 5
P 14.5957381059 26.6109488596 0 21 1
P 15.4042618941 3.38905114037 0 21 1
P 20.9170690329 20.5453214988 0 52 4
P 9.08293096711 9.45467850117 0 52 4
P 23.577231419 13.8951070708 0 61 2
P 6.42276858103 16.1048929292 0 61 2
P 20.4153960946 27.3852922665 0 69 1
P 9.5846039054 2.61470773349 0 69 1
P 2.45376586453 17.0893642942 0 39 2
P 27.5462341355 12.9106357058 0 39 2
P 4.31955705281 4.97791590462 0 70 5
P 25.6804429472 25.0220840954 0 70 5
P 15.1126402824 0.53715112401 0 97 2
P 14.8873597176 29.462848876 0 97 2
P 18.5903620356 19.667774643 0 94 1
P 11.4096379644 10.332225357 0 94 1
P 9.91464668063 5.79155617735 0 60 5
P 20.0853533194 24.2084438226 0 60 5
P 15.6916892351 19.4083765262 0 49 3
P 14.3083107649 10.5916234738 0 49 3
P 16.2521859326 18.4030078887 0 49 1
P 13.7478140674 11.5969921113 0 49 1
P 8.52892203858 11.58523141 0 71 3
P 21.4710779614 18.41476859 0 71 3
P 13.0292548637 22.0024333658 0 50 3
P 16.9707451363 7.9975666342 0 50 3
