P 14 14 0 34 5
P 10.4561794146 6.18676594845 1 100 5
P 17.5438205854 21.8132340515 2 100 5
P 6.75198470647 17.2874563377 0 90 3
P 21.2480152935 10.7125436623 0 90 3
P 20.7995479125 22.1986229866 0 42 1
P 7.2004520875 5.80137701343 0 42 1
P 4.42994990293 11.0072389433 0 21 5
P 23.5700500971 16.9927610567 0 21 5
P 22.7831274082 7.18070297544 0 57 5
P 5.21687259185 20.8192970246 0 57 5
P 18.0470307761 8.48527207623 0 19 2
P 9.95296922387 19.5147279238 0 19 2
P 15.4448702205 19.7245181712 0 57 1
P 12.5551297795 8.27548182885 0 57 1
P 25.0801179507 17.42060938 0 82 3
P 2.91988204928 10.57939062 0 82 3
P 8.38082406574 21.9471720045 0 59 4
P 19.6191759343 6.0528279955 0 59 4
P 19.831657942 17.7641299257 0 92 2
P 8.16834205796 10.2358700743 0 92 2
P 16.5095280771 11.3388289782 0 67 2
P 11.4904719229 16.6611710218 0 67 2
P 19.4930758683 23.6283906896 0 81 4
P 8.50692413168 4.37160931041 0 81 4
P 14.118769732 5.64573927422 0 9 4
P 13.881230268 22.3542607258 0 9 4
P 17.9178798248 18.4258876031 0 44 3
P 10.0821201752 9.57411239693 0 44 3
