P 15 15 0 58 5
P 18.2935830488 5.78544965825 1 100 5
P 11.7064169512 24.2145503418 2 100 5
P 18.6416438645 21.5197156418 0 27 5
P 11.3583561355 8.48028435818 0 27 5
P 4.38334845025 17.6115379628 0 60 4
P 25.6166515498 12.3884620372 0 60 4
P 22.9032472154 12.7288925591 0 46 4
P 7.09675278457 17.2711074409 0 46 4
P 11.5243727493 16.0505456485 0 75 1
P 18.4756272507 13.9494543515 0 75 1
P 14.2678630169 17.9706127432 0 71 3
P 15.7321369831 12.0293872568 0 71 3
P 9.48154908656 28.2208382074 0 65 3
P 20.5184509134 1.7791617926 0 65 3
P 4.27216262539 23.3928313638 0 89 5
P 25.7278373746 6.60716863616 0 89 5
P 5.09885261706 4.42163953108 0 54 4
P 24.9011473829 25.5783604689 0 54 4
P 3.17210531248 6.91389399567 0 99 1
P 26.8278946875 23.0861060043 0 99 1
P 25.522130763 4.44121525217 0 94 5
P 4.47786923705 25.5587847478 0 94 5
P 29.2805241593 10.9315443491 0 17 1
P 0.719475840698 19.0684556509 0 17 1
P 18.8064153737 18.5156474752 0 65 3
P 11.1935846263 11.4843525248 0 65 3
