P 15 15 0 91 3
P 25.8446272455 5.8381744524 1 100 5
P 4.1553727545 24.1618255476 2 100 5
P 11.9401425789 11.3781221348 0 31 1
P 18.0598574211 18.6218778652 0 31 1
P 6.79380124805 20.1603928883 0 51 2
P 23.2061987519 9.83960711169 0 51 2
P 7.53257600982 27.5907918814 0 20 2
P 22.4674239902 2.40920811857 0 20 2
P 1.87830298275 20.0466830726 0 15 5
P 28.1216970173 9.9533169274 0 15 5
P 24.2378075897 19.5774562865 0 37 1
P 5.76219241032 10.4225437135 0 37 1
P 5.73288527584 26.4043403633 0 13 5
P 24.2671147242 3.59565963669 0 13 5
P 1.16443699149 11.1711512876 0 10 5
P 28.8355630085 18.8288487124 0 10 5
P 28.5021737646 12.5297176257 0 39 4
P 1.49782623535 17.4702823743 0 39 4
P 27.295542099 16.7120568475 0 28 5
P 2.70445790103 13.2879431525 0 28 5
P 19.8472287677 11.1180710071 0 95 2
P 10.1527712323 18.8819289929 0 95 2
