P 15 15 0 26 3
P 14.740253297 0.61618190467 1 100 5
P 15.259746703 29.3838180953 2 100 5
P 0.245720007323 15.2664365996 0 11 1
P 29.7542799927 14.7335634004 0 11 1
P 25.6724789967 9.16629663902 0 17 4
P 4.3275210033 20.833703361 0 17 4
P 3.94787717682 25.0470900169 0 24 3
P 26.0521228232 4.95290998309 0 24 3
P 19.9031385407 5.57682901816 0 45 4
P 10.0968614593 24.4231709818 0 45 4
P 18.2310902404 21.4644964808 0 79 1
P 11.7689097596 8.53550351925 0 79 1
P 19.4226401116 4.65167130355 0 22 3
P 10.5773598884 25.3483286964 0 22 3
P 23.7247313159 3.69465385059 0 84 1
P 6.27526868405 26.3053461494 0 84 1
P 14.1881052401 4.75230433818 0 42 4
P 15.8118947599 25.2476956618 0 42 4
P 6.72642060078 22.1189271769 0 85 4
P 23.2735793992 7.88107282308 0 85 4
P 20.964336143 26.1617226692 0 9 2
P 9.03566385705 3.8382773308 0 9 2
P 27.7281949465 16.8701322551 0 80 1
P 2.27180505352 13.1298677449 0 80 1
