P 15 15 0 14 0
P 15.8647347698 20.6140830425 1 100 5
P 14.1352652302 9.38591695748 2 100 5
P 0.554223890658 17.2250766126 0 15 1
P 29.4457761093 12.7749233874 0 15 1
P 3.25410360149 16.8092153147 0 97 4
P 26.7458963985 13.1907846853 0 97 4
P 6.52819486025 13.4066588117 0 38 1
P 23.4718051398 16.5933411883 0 38 1
P 24.5252758873 4.24062116997 0 49 1
P 5.47472411269 25.75937883 0 49 1
P 19.2323784335 0.727094437193 0 74 4
P 10.7676215665 29.2729055628 0 74 4
P 12.9689829159 18.9383492205 0 4 5
P 17.0310170841 11.0616507795 0 4 5
P 22.6475975422 3.0078515179 0 51 3
P 7.35240245779 26.9921484821 0 51 3
P 4.47800396887 7.48511956989 0 37 3
P 25.5219960311 22.5148804301 0 37 3
P 10.1838409036 3.53695563414 0 56 3
P 19.8161590964 26.4630443659 0 56 3
P 12.6957547345 16.1205100463 0 35 1
P 17.3042452655 13.8794899537 0 35 1
