P 15 15 0 9 3
P 8.63151794803 2.80581327542 1 100 5
P 18.9902962744 1.83438990541 2 100 5
P 14.363413054 8.21175167987 0 21 5
P 14.5177906203 9.85795768825 0 61 4
P 14.0329120194 4.68745212153 0 60 1
P 13.9254275216 3.54129060218 0 91 3
P 13.6078718777 0.155034286351 0 56 1
P 12.7138042682 5.47099664448 0 37 2
P 15.4746978667 5.212086136 0 37 2
P 14.0876339682 22.9618533817 0 7 5
P 17.376730888 22.6534091315 0 7 5
P 14.0020934285 20.7832993417 0 30 3
P 17.0557420449 20.4969349137 0 30 3
P 27.5649585827 22.4651004361 0 7 1
P 4.04202979666 24.6710287834 0 7 1
P 3.17158990623 20.2065076056 0 37 5
P 27.5901759315 17.9165864991 0 37 5
