P 14 14 0 83 1
P 6.85060943847 10.103542726 1 100 5
P 21.1493905615 17.896457274 2 100 5
P 10.4530498079 20.5080996512 0 85 2
P 17.5469501921 7.49190034878 0 85 2
P 15.8253699439 4.53676696366 0 71 5
P 12.1746300561 23.4632330363 0 71 5
P 12.8940812264 5.06373527993 0 8 2
P 15.1059187736 22.9362647201 0 8 2
P 16.9556756162 14.40399656 0 61 5
P 11.0443243838 13.59600344 0 61 5
P 18.1443551374 22.9306236815 0 68 3
P 9.85564486258 5.06937631851 0 68 3
P 11.1661052072 2.66276345634 0 3 1
P 16.8338947928 25.3372365437 0 3 1
P 22.4850959263 16.9869188759 0 90 1
P 5.51490407372 11.0130811241 0 90 1
P 6.52034273685 13.5235904819 0 74 4
P 21.4796572631 14.4764095181 0 74 4
