P 15 15 0 12 5
P 7.80916062817 12.253962546 1 100 5
P 22.1908393718 17.746037454 2 100 5
P 13.9579009572 17.7288654841 0 82 3
P 16.0420990428 12.2711345159 0 82 3
P 15.9080805895 2.57345257961 0 52 2
P 14.0919194105 27.4265474204 0 52 2
P 12.386306723 3.5714034486 0 68 4
P 17.613693277 26.4285965514 0 68 4
P 10.2321162254 1.75689411939 0 16 3
P 19.7678837746 28.2431058806 0 16 3
P 21.4121952785 14.778972136 0 92 2
P 8.58780472147 15.221027864 0 92 2
P 10.2312638018 11.6205040764 0 86 2
P 19.7687361982 18.3794959236 0 86 2
P 22.819289388 19.5158531994 0 43 5
P 7.18071061195 10.4841468006 0 43 5
