P 15 15 0 54 1
P 4.54726229307 25.7454331078 1 100 5
P 28.3637302524 8.20774176089 2 100 5
P 19.2310440776 20.7458261589 0 7 3
P 21.6118936291 23.9790582838 0 47 1
P 22.3518643823 24.983950512 0 14 2
P 15.6180449851 6.76663916033 0 53 5
P 6.95423346757 13.146395073 0 53 5
P 19.891274301 6.88180651481 0 42 4
P 5.7958457417 17.2612328806 0 42 4
P 24.8938861798 9.30614002434 0 53 2
P 6.62606773024 22.757981922 0 53 2
P 23.4368272727 13.0588450756 0 54 5
P 10.6421345097 22.4804508713 0 54 5
P 10.8155768326 16.9440258306 0 62 4
P 18.0984232746 11.5811687837 0 62 4
P 21.2309719842 26.4257425189 0 53 4
P 24.0613807262 24.3415193256 0 53 4
P 13.7571700015 21.0804598693 0 15 4
P 21.1753335595 15.6179595917 0 15 4
