P 14 14 0 58 0
P 5.73882363134 12.6580040857 1 100 5
P 19.2148431273 20.5462507732 2 100 5
P 16.0043276786 10.5758729482 0 58 1
P 19.1860679584 5.14029318766 0 94 4
P 17.6797192774 7.7136894056 0 17 1
P 18.3552977405 6.55955352466 0 53 1
P 15.4697269192 11.4891671874 0 35 2
P 15.2149778421 24.6311893423 0 75 4
P 4.13532527011 18.1456664677 0 75 4
P 13.2393674452 10.6509326386 0 94 4
P 17.2926122236 13.0235171177 0 94 4
P 10.4423867304 7.54924991359 0 10 4
P 21.366520452 13.9437391519 0 10 4
P 10.7765960618 22.9914940903 0 78 1
P 7.73809474682 21.2128941157 0 78 1
P 21.9820521404 12.270774704 0 6 4
P 11.5997545198 6.19345158652 0 6 4
P 8.17234058222 6.11939283925 0 98 1
P 23.7246990859 15.2230336054 0 98 1
P 15.257883657 21.3641937669 0 34 2
P 6.96296066254 16.5087244754 0 34 2
P 18.6157881538 9.70395620151 0 67 2
P 15.48601301 7.87192869388 0 67 2
P 21.1428750192 4.7462317807 0 12 3
P 18.5716096603 3.24113040742 0 12 3
