P 15 15 0 23 3
P 6.0609714225 11.4515170011 1 100 5
P 6.4366069791 19.3779291306 2 100 5
P 1.72142335052 15.6292765818 0 60 5
P 3.1228822262 15.5628609354 0 51 2
P 11.9107330902 15.1464014836 0 53 5
P 23.0662092776 9.67547141446 0 35 3
P 23.533591368 19.5378579894 0 35 3
P 5.3929702871 19.3635856023 0 46 1
P 5.02336836578 11.5644912388 0 46 1
P 8.5646138678 20.6460628644 0 77 2
P 8.05951607076 9.98782448756 0 77 2
P 18.547465696 20.9409204294 0 35 1
P 17.9697442779 8.7502266172 0 35 1
P 25.7742789343 18.5602586517 0 21 1
P 25.389304864 10.436791407 0 21 1
P 16.3828821501 0.342863422975 0 16 2
P 17.7627856934 29.4606718686 0 16 2
P 22.6108191219 13.0306951061 0 43 3
P 22.7629441596 16.2407366548 0 43 3
P 12.7917589865 19.978913074 0 56 1
P 12.3308079465 10.2522302548 0 56 1
P 18.6464184926 27.3983820873 0 61 4
P 17.4575821614 2.31234709945 0 61 4
P 25.1644585677 8.23624395528 0 37 1
P 25.7585424398 20.7722074095 0 37 1
