P 15 15 0 69 4
P 24.5862931865 24.7390478086 1 100 5
P 5.41370681354 5.26095219139 2 100 5
P 4.35635048141 25.4767064362 0 75 4
P 25.6436495186 4.52329356378 0 75 4
P 9.66817039435 20.2482011409 0 18 5
P 20.3318296057 9.75179885914 0 18 5
P 29.2438588877 13.5684663544 0 44 3
P 0.756141112307 16.4315336456 0 44 3
P 28.423238325 8.75995958259 0 94 5
P 1.57676167498 21.2400404174 0 94 5
P 22.2830212683 10.3817551652 0 95 4
P 7.71697873173 19.6182448348 0 95 4
P 5.08086413098 17.4835849449 0 94 2
P 24.919135869 12.5164150551 0 94 2
P 29.5344704599 17.5725271632 0 98 4
P 0.465529540055 12.4274728368 0 98 4
P 14.3950683648 10.9152419361 0 58 5
P 15.6049316352 19.0847580639 0 58 5
P 16.7720251039 4.22808344034 0 10 3
P 13.2279748961 25.7719165597 0 10 3
P 22.2970633395 16.9979237745 0 57 4
P 7.70293666051 13.0020762255 0 57 4
P 23.4423447175 12.6807598918 0 2 1
P 6.55765528251 17.3192401082 0 2 1
P 17.4811953555 10.8596814537 0 6 4
P 12.5188046445 19.1403185463 0 6 4
