P 15 15 0 5 0
P 19.2677698004 12.8607967072 1 100 5
P 10.3337837221 13.9917959312 2 100 5
P 15.9902414128 22.8221123483 0 57 3
P 16.7114365922 28.5189754013 0 59 3
P 14.8999843902 9.61499692013 0 18 4
P 13.754936087 9.75995447111 0 18 4
P 19.4051379041 7.99400798917 0 87 5
P 8.98796210136 9.31277182493 0 87 5
P 11.5665204607 9.99010277687 0 96 1
P 17.0767140731 9.29253904157 0 96 1
P 3.46486809539 24.5618353002 0 33 4
P 28.554008834 21.385672 0 33 4
P 6.37310587936 5.96955936277 0 17 1
P 21.1043859652 4.10465088859 0 17 1
P 14.642962785 5.19894123421 0 76 3
P 12.903383461 5.41916352338 0 76 3
P 14.8049226312 26.5731925776 0 79 5
P 18.0729231983 26.1594795862 0 79 5
P 28.537038304 10.0083664602 0 32 5
P 0.646117683625 13.5392214785 0 32 5
P 1.32573510617 18.1124217691 0 60 2
P 29.018486672 14.6066539901 0 60 2
P 16.5700184517 5.55728569427 0 83 5
P 11.1264189769 6.24641893534 0 83 5
