P 15 15 0 68 4
P 4.27376276429 13.9772371168 1 100 5
P 9.97318575226 24.5304432043 2 100 5
P 7.1002921198 19.2663600348 0 1 3
P 21.0996387511 5.88753574732 0 46 2
P 25.9650294054 14.8964249593 0 46 2
P 17.1348946873 16.0739611932 0 25 2
P 15.2726618833 12.6258004575 0 25 2
P 20.8603779298 15.4114717388 0 76 1
P 17.8696425311 9.87374501071 0 76 1
P 23.5142602004 23.4763762234 0 40 5
P 12.5808864695 3.23184507381 0 40 5
P 22.3195836793 23.6398766262 0 79 3
P 11.7890235981 4.14120614886 0 79 3
P 9.95525015581 15.7699817248 0 70 5
P 11.5896690645 18.7963160771 0 70 5
P 13.6053031416 12.3883796942 0 30 2
P 16.4190827673 17.5984503167 0 30 2
P 19.5575784882 23.1077864798 0 33 3
P 10.7193378475 6.74266054873 0 33 3
P 15.1958223386 8.4682802042 0 67 4
P 20.5693914719 18.4181264622 0 67 4
P 5.21016761193 5.35520001052 0 37 5
P 17.6966810027 28.475566652 0 37 5
P 9.35537553279 22.3085037271 0 10 4
P 5.79301433701 15.7123391791 0 10 4
P 15.4666934139 22.9759115559 0 80 1
P 8.58624697252 10.2358904303 0 80 1
