P 15 15 0 23 2
P 3.20574942618 11.2677405594 1 100 5
P 26.7942505738 18.7322594406 2 100 5
P 11.1282608288 27.2350181354 0 23 4
P 18.8717391712 2.76498186462 0 23 4
P 12.9447077548 21.494894615 0 80 5
P 17.0552922452 8.50510538503 0 80 5
P 18.2485580949 9.09048179234 0 33 2
P 11.7514419051 20.9095182077 0 33 2
P 10.1353901126 11.8427145288 0 70 5
P 19.8646098874 18.1572854712 0 70 5
P 20.0236523248 6.39229579076 0 90 1
P 9.97634767525 23.6077042092 0 90 1
P 4.37706549304 6.66248904633 0 8 1
P 25.622934507 23.3375109537 0 8 1
P 5.14508277702 22.9779179156 0 52 5
P 24.854917223 7.02208208441 0 52 5
