P 15 15 0 6 5
P 17.8036631597 17.112654692 1 100 5
P 11.9510661849 13.2599311645 2 100 5
P 5.76465932388 21.0324675326 0 29 1
P 13.109984467 25.8678435405 0 29 1
P 15.4578234911 26.7849949055 0 68 3
P 3.99404291463 19.2384685803 0 68 3
P 29.6926339276 14.6233350724 0 53 2
P 9.537498691 1.35535095189 0 53 2
P 7.76919806067 6.73617861171 0 79 4
P 25.4492073385 18.3748046788 0 79 4
P 10.8968941607 28.7035766259 0 96 5
P 4.03483855419 24.1863335634 0 96 5
P 24.3249746337 15.8358882287 0 95 2
P 10.5457352558 6.76511161954 0 95 2
P 15.8215732819 4.32140341606 0 8 4
P 24.4839006029 10.0237527178 0 8 4
P 9.24354500788 9.86215339335 0 42 2
P 21.9950231248 18.2563619751 0 42 2
P 15.3821387326 0.93157943473 0 95 4
P 27.7713053327 9.08728088682 0 95 4
P 8.51554379278 8.42919546267 0 79 5
P 23.5990521495 18.35856319 0 79 5
P 17.964450977 25.8280481317 0 81 2
P 3.8820823475 16.557723663 0 81 2
P 13.7584789634 6.44524178739 0 22 5
P 23.3486837466 12.7584063126 0 22 5
P 17.1944152703 29.112638054 0 85 1
P 1.16948253298 18.5635372618 0 85 1
