P 15 15 0 85 4
P 22.7486842472 15.6578695027 1 100 5
P 7.25131575276 14.3421304973 2 100 5
P 14.1455194624 19.230123046 0 68 1
P 15.8544805376 10.769876954 0 68 1
P 4.47938062179 24.898515926 0 62 2
P 25.5206193782 5.10148407404 0 62 2
P 26.6491882178 16.4941821848 0 36 1
P 3.35081178215 13.5058178152 0 36 1
P 19.6642422354 28.6806835931 0 23 1
P 10.3357577646 1.31931640693 0 23 1
P 24.9486750997 24.0590932718 0 44 3
P 5.05132490032 5.94090672819 0 44 3
P 24.8067373977 21.0922435277 0 16 2
P 5.19326260233 8.90775647229 0 16 2
P 27.339275297 8.86903227069 0 4 3
P 2.66072470296 21.1309677293 0 4 3
P 26.8777493562 17.541588713 0 83 1
P 3.12225064385 12.458411287 0 83 1
P 7.31543141117 25.2215764985 0 34 4
P 22.6845685888 4.77842350147 0 34 4
P 19.8094034432 5.96017323026 0 83 2
P 10.1905965568 24.0398267697 0 83 2
