P 15 15 0 96 2
P 25.7356505504 8.05656022608 1 100 5
P 24.4209635199 23.6435522206 2 100 5
P 25.0290737311 15.8459036334 0 28 3
P 20.7363670386 15.4838346841 0 85 1
P 20.1652162373 10.1719492755 0 60 2
P 19.2835514991 20.6250083672 0 60 2
P 10.0563803443 1.96219447545 0 34 3
P 7.94240712448 27.0255615669 0 34 3
P 15.5678425547 18.6159483506 0 13 3
P 16.1654868151 11.5302495587 0 13 3
P 16.6767424203 16.3072497939 0 19 4
P 16.8720165198 13.9920707777 0 19 4
P 4.56632574462 21.6093694047 0 89 1
P 5.82079019939 6.73637913311 0 89 1
P 6.40476293846 8.32428419846 0 16 4
P 5.40802029196 20.141712447 0 16 4
P 15.6019925367 3.09321938599 0 77 2
P 13.5991177515 26.839398149 0 77 2
P 8.34318378137 16.1756109889 0 51 4
P 8.63414256776 12.7259897717 0 51 4
P 14.7322473765 25.7278901849 0 69 5
P 16.5329375319 4.378822014 0 69 5
P 25.403229065 21.468798527 0 96 3
P 26.3397705737 10.3651178334 0 96 3
P 11.6924370929 8.33125553348 0 73 2
P 10.622159464 21.020518033 0 73 2
P 26.274512471 14.3170251935 0 45 1
P 26.0008321687 17.5617918808 0 45 1
