P 15 15 0 3 3
P 10.5715286098 24.7040512034 1 100 5
P 4.3401131507 14.6168799509 2 100 5
P 8.46501603496 19.0370287254 0 68 1
P 8.83077465237 23.6827584184 0 19 5
P 4.47428751901 16.6306476962 0 19 5
P 26.8549696335 23.416921198 0 68 5
P 12.7791514196 0.631538041704 0 68 5
P 8.41957527216 14.4794270713 0 16 4
P 12.5203018361 21.1175226022 0 16 4
P 12.2856950788 17.9218741805 0 55 2
P 11.1722722542 16.1195089263 0 55 2
P 18.4312369358 2.24715993221 0 21 1
P 27.9399236175 17.6394494648 0 21 1
P 11.1098066225 9.66817886141 0 21 3
P 18.0268228944 20.8651738538 0 21 3
P 18.0022532161 19.3998350129 0 52 1
P 12.4091854866 10.3459960602 0 52 1
P 10.4758295243 28.964508187 0 55 4
P 0.48737786722 12.7955939053 0 55 4
P 14.6728102559 25.0247464008 0 29 2
P 5.88895443399 10.8057846714 0 29 2
P 17.1378479596 11.9585182893 0 76 2
P 18.6766800165 14.4495193448 0 76 2
P 12.3922756987 29.7583683604 0 32 4
P 0.635219601198 10.7265064891 0 32 4
P 5.82378093124 6.47324249068 0 27 2
P 18.5180053494 27.0221557294 0 27 2
