P 15 15 0 26 4
P 16.0582328603 3.64870733521 1 100 5
P 26.3021110293 16.4946532137 2 100 5
P 26.1236408507 6.12955770266 0 31 4
P 13.9299738483 19.4361954052 0 67 5
P 10.4369238104 15.0558688338 0 67 5
P 4.31552149219 12.6063612492 0 37 3
P 14.9556655395 25.9492292838 0 37 3
P 3.88875301115 11.4289336985 0 60 1
P 16.0085803804 26.6273423358 0 60 1
P 2.11566099733 22.6557075096 0 96 2
P 4.66876604009 25.8573318027 0 96 2
P 22.734612343 16.8174316048 0 72 5
P 14.9495673165 7.05489192778 0 72 5
P 13.2713426142 25.493758509 0 37 1
P 4.38470556309 14.3498092432 0 37 1
P 27.6984465803 17.7343247146 0 7 5
P 15.1604221279 2.01149192793 0 7 5
P 27.4697736823 11.0361008344 0 72 4
P 21.6397542533 3.72518666507 0 72 4
P 18.8810044046 14.7627497906 0 78 2
P 16.0950563515 11.2691375746 0 78 2
P 28.3060318949 9.56199231215 0 68 4
P 23.2630083159 3.23798036162 0 68 4
P 16.4485945622 7.68066414015 0 90 4
P 22.4581587488 15.2167295854 0 90 4
P 28.9330997739 19.8078084872 0 87 4
P 13.4137279504 0.346330400081 0 87 4
P 11.2597276348 23.8472107466 0 41 5
P 5.54225105074 16.6774266522 0 41 5
