P 14 14 0 16 2
P 11.3049483122 24.434698155 1 100 5
P 16.6950516878 3.56530184501 2 100 5
P 7.81669458258 12.4029890033 0 41 2
P 20.1833054174 15.5970109967 0 41 2
P 3.50073171696 11.2882712766 0 5 2
P 24.499268283 16.7117287234 0 5 2
P 22.5915774008 20.0486665058 0 89 2
P 5.40842259924 7.95133349424 0 89 2
P 13.9669346251 23.1617154332 0 2 1
P 14.0330653749 4.83828456677 0 2 1
P 20.6704945294 6.74782493221 0 93 3
P 7.32950547056 21.2521750678 0 93 3
P 8.2065907573 19.20027709 0 26 4
P 19.7934092427 8.79972290998 0 26 4
P 15.3028490264 24.1640969681 0 27 2
P 12.6971509736 3.83590303193 0 27 2
P 18.502362115 7.86707338579 0 90 4
P 9.49763788502 20.1329266142 0 90 4
P 11.533741432 6.58254531883 0 6 4
P 16.466258568 21.4174546812 0 6 4
