P 15 15 0 76 3
P 5.99616369872 14.8793254418 1 100 5
P 12.7096767292 23.7085044528 2 100 5
P 7.45412572351 20.7377164081 0 21 3
P 4.3924658082 23.065735096 0 85 4
P 3.24871667049 23.9354167199 0 31 3
P 1.86357640718 20.2118400962 0 51 1
P 6.46658858506 26.265424609 0 51 1
P 9.59601341903 15.057770745 0 12 5
P 13.4999164071 20.1919319757 0 12 5
P 18.7314530193 27.4477509502 0 60 3
P 4.00250401176 8.07718790219 0 60 3
P 25.2400411095 17.1076594043 0 76 2
P 15.7060522221 4.56917259517 0 76 2
P 24.1387115396 7.14007637076 0 11 4
P 25.0166137374 8.29463667666 0 11 4
P 15.0177720727 22.4064697544 0 7 1
P 7.86775007542 13.003222325 0 7 1
P 15.4440218831 11.610372519 0 15 5
P 18.3849838894 15.4781359239 0 15 5
P 16.5825443499 27.2290712268 0 50 1
P 3.63885241395 10.2063630491 0 50 1
P 5.74651673819 19.9651567688 0 22 3
P 7.74215584514 22.5896925128 0 22 3
P 27.0515991483 13.5204589531 0 74 2
P 19.6469452587 3.78233609423 0 74 2
P 20.7241262482 13.7663135025 0 1 4
P 17.7187851361 9.81388285289 0 1 4
P 17.4917023412 19.4507646902 0 69 5
P 11.3771668292 11.4093222504 0 69 5
