P 15 15 0 26 3
P 12.5794668678 24.3214134852 1 100 5
P 24.5838223821 15.9476700659 2 100 5
P 12.1063662899 10.8517707021 0 65 3
P 9.75411575461 7.47965260992 0 31 4
P 18.5715731087 2.44350490227 0 53 5
P 1.98262659513 14.0152699617 0 53 5
P 4.14291240389 24.0575324004 0 31 1
P 27.2498472636 7.9390874334 0 31 1
P 24.5199863335 9.19231397153 0 12 2
P 6.26181861708 21.9284589134 0 12 2
P 18.1609375594 9.03362914589 0 51 2
P 8.30907449183 15.9058825902 0 51 2
P 9.77302487332 12.2234592129 0 19 2
P 14.1995024823 9.13573095419 0 19 2
P 17.1712666482 25.9838737852 0 76 5
P 24.5581551989 20.8310849231 0 76 5
P 28.1552998807 21.6071473367 0 82 2
P 16.6572587238 29.6277067377 0 82 2
P 22.0798297293 12.1456342082 0 53 1
P 9.876157706 20.6584126056 0 53 1
P 16.8166410278 21.6578061968 0 60 1
P 20.6207476207 19.0042182961 0 60 1
P 9.49508942624 3.81313140089 0 35 4
P 6.40265584952 5.97028555063 0 35 4
P 8.50018737141 4.35060363089 0 38 4
P 7.25065889892 5.22222317026 0 38 4
P 4.66740019626 20.1208983942 0 78 4
P 23.3742984062 7.07173756294 0 78 4
