P 15 15 0 70 2
P 3.96854123035 11.9827843589 1 100 5
P 26.0314587696 18.0172156411 2 100 5
P 11.0482797188 29.4481682905 0 50 3
P 18.9517202812 0.551831709453 0 50 3
P 11.1914090234 11.5762550334 0 53 2
P 18.8085909766 18.4237449666 0 53 2
P 24.6895812832 18.9674932198 0 90 5
P 5.31041871676 11.0325067802 0 90 5
P 20.7503294248 24.8980424725 0 7 2
P 9.24967057522 5.10195752748 0 7 2
P 23.0033079618 14.0613560962 0 38 4
P 6.99669203819 15.9386439038 0 38 4
P 9.29136961854 2.81333981798 0 85 1
P 20.7086303815 27.186660182 0 85 1
P 6.7901354475 18.7405738209 0 92 5
P 23.2098645525 11.2594261791 0 92 5
P 2.54497955292 19.4005808943 0 24 1
P 27.4550204471 10.5994191057 0 24 1
P 7.46792256559 12.557194891 0 34 4
P 22.5320774344 17.442805109 0 34 4
