P 15 15 0 82 2
P 14.0571896992 23.8834151001 1 100 5
P 9.02323723184 21.6394474105 2 100 5
P 18.9570299507 25.4975042258 0 23 4
P 4.5474029795 19.074174337 0 23 4
P 17.8519196309 4.96788838181 0 27 2
P 20.5549307331 6.17280035052 0 27 2
P 19.175108858 16.9174429882 0 40 1
P 10.7830041128 13.1765232998 0 40 1
P 22.9476921668 3.20060127033 0 69 4
P 18.463005097 1.2014777292 0 69 4
P 2.58921505699 20.2065413501 0 35 4
P 19.4238142129 27.710842755 0 35 4
P 21.7124872529 13.792719987 0 89 1
P 11.4108573757 9.20059784357 0 89 1
P 11.0556715777 5.70185944792 0 96 4
P 24.5520856076 11.7181095426 0 96 4
