P 15 15 0 82 3
P 16.1884735545 3.01613342771 1 100 5
P 13.8115264455 26.9838665723 2 100 5
P 2.64524651824 13.7747445537 0 35 4
P 27.3547534818 16.2252554463 0 35 4
P 6.25506411574 25.2616701561 0 54 1
P 23.7449358843 4.7383298439 0 54 1
P 5.89610002519 7.8794812148 0 22 3
P 24.1038999748 22.1205187852 0 22 3
P 14.9684433042 23.164043348 0 1 4
P 15.0315566958 6.83595665201 0 1 4
P 3.29667461922 14.7432427866 0 26 2
P 26.7033253808 15.2567572134 0 26 2
P 22.0433838413 16.3585951735 0 89 5
P 7.95661615867 13.6414048265 0 89 5
P 3.55117917415 19.6511233366 0 19 4
P 26.4488208258 10.3488766634 0 19 4
P 22.1768078712 2.77430626816 0 40 3
P 7.82319212884 27.2256937318 0 40 3
P 27.1704658731 12.3486431204 0 59 4
P 2.82953412691 17.6513568796 0 59 4
P 16.0641360683 11.589541844 0 4 4
P 13.9358639317 18.410458156 0 4 4
