P 15 15 0 3 4
P 3.46894554405 9.58164121462 1 100 5
P 26.5310544559 20.4183587854 2 100 5
P 24.2118716167 8.87599794809 0 89 3
P 5.78812838329 21.1240020519 0 89 3
P 8.19359592019 6.98152532869 0 71 2
P 21.8064040798 23.0184746713 0 71 2
P 18.1981614556 7.88797091158 0 88 5
P 11.8018385444 22.1120290884 0 88 5
P 11.6133814299 1.62084866531 0 61 4
P 18.3866185701 28.3791513347 0 61 4
P 25.1664378108 12.9366511607 0 55 1
P 4.83356218918 17.0633488393 0 55 1
P 20.7353670973 9.87840672258 0 65 1
P 9.26463290275 20.1215932774 0 65 1
P 21.6906883958 11.4571676111 0 77 5
P 8.3093116042 18.5428323889 0 77 5
P 23.0798790907 5.03543517481 0 75 2
P 6.92012090931 24.9645648252 0 75 2
