P 14 14 0 23 2
P 9.44852813099 19.6002865029 1 100 5
P 18.551471869 8.39971349715 2 100 5
P 10.6806083398 11.3022598476 0 4 1
P 17.3193916602 16.6977401524 0 4 1
P 6.91311237981 8.2403358068 0 42 3
P 21.0868876202 19.7596641932 0 42 3
P 18.8733079521 22.0859344067 0 33 1
P 9.1266920479 5.91406559328 0 33 1
P 23.687753419 19.4831147493 0 52 4
P 4.31224658101 8.51688525072 0 52 4
P 5.10567996889 7.49052273414 0 38 1
P 22.8943200311 20.5094772659 0 38 1
P 14.5888194187 2.01781031615 0 52 4
P 13.4111805813 25.9821896839 0 52 4
P 10.331023153 23.0386777626 0 77 1
P 17.668976847 4.96132223742 0 77 1
P 18.5525380279 18.1368600291 0 20 2
P 9.44746197213 9.86313997085 0 20 2
P 11.9742726282 22.8058142433 0 55 5
P 16.0257273718 5.19418575666 0 55 5
P 7.34495833546 14.4282228488 0 54 1
P 20.6550416645 13.5717771512 0 54 1
P 19.1172634946 5.25798589218 0 59 3
P 8.88273650542 22.7420141078 0 59 3
P 21.4387566415 20.8940461028 0 10 2
P 6.56124335854 7.10595389716 0 10 2
