P 15 15 0 34 1
P 24.1503414966 22.3937310746 1 100 5
P 5.84965850339 7.60626892537 2 100 5
P 14.3769981072 10.5992530653 0 13 1
P 15.6230018928 19.4007469347 0 13 1
P 0.827464125021 17.1838494134 0 69 1
P 29.172535875 12.8161505866 0 69 1
P 13.6958776948 19.6934972619 0 24 3
P 16.3041223052 10.3065027381 0 24 3
P 7.68548114156 27.5186102795 0 73 2
P 22.3145188584 2.4813897205 0 73 2
P 26.2166221856 9.91083392308 0 83 4
P 3.78337781435 20.0891660769 0 83 4
P 29.0543313861 11.7129033147 0 89 1
P 0.945668613897 18.2870966853 0 89 1
P 13.4074207927 12.974439302 0 17 1
P 16.5925792073 17.025560698 0 17 1
P 21.7632024088 17.5627056131 0 87 4
P 8.23679759118 12.4372943869 0 87 4
P 18.5032437541 0.953533808103 0 95 3
P 11.4967562459 29.0464661919 0 95 3
P 20.7700010964 3.15913838131 0 84 4
P 9.22999890355 26.8408616187 0 84 4
P 14.5991346432 20.6176028389 0 18 4
P 15.4008653568 9.38239716107 0 18 4
P 21.7763799886 10.5446992656 0 20 2
P 8.22362001143 19.4553007344 0 20 2
