P 15 15 0 75 0
P 17.4108997848 9.70826726656 1 100 5
P 12.5891002152 20.2917327334 2 100 5
P 6.69082979417 23.8014357017 0 36 4
P 23.3091702058 6.19856429834 0 36 4
P 12.3711231266 14.8852321589 0 31 2
P 17.6288768734 15.1147678411 0 31 2
P 11.1250254676 8.22967091472 0 69 4
P 18.8749745324 21.7703290853 0 69 4
P 24.8881440161 8.18924123595 0 82 5
P 5.11185598394 21.810758764 0 82 5
P 26.3863870356 18.3839988524 0 24 5
P 3.6136129644 11.6160011476 0 24 5
P 24.0773782305 9.06998644363 0 2 5
P 5.92262176951 20.9300135564 0 2 5
