P 15 15 0 96 2
P 9.45468589625 4.1759696253 1 100 5
P 20.5670979603 25.8128424737 2 100 5
P 25.6828698645 18.2150871454 0 22 4
P 18.6102905077 4.44413450517 0 22 4
P 19.6514641931 23.6672448848 0 16 3
P 10.6651780718 6.17013183093 0 16 3
P 10.9775648327 7.29943526385 0 34 3
P 18.915569564 22.7554494982 0 34 3
P 22.1757118467 22.9562095293 0 84 2
P 12.7136340589 4.53268700366 0 84 2
P 6.07146690946 22.8656208644 0 61 3
P 3.40549837659 17.6747386481 0 61 3
P 13.2131109236 6.54213216045 0 76 4
P 20.8334439102 21.3796107334 0 76 4
P 21.0607345279 15.8382413895 0 38 5
P 17.8494605692 9.58560011549 0 38 5
P 15.1693095995 20.705191911 0 80 2
P 10.4615432286 11.5387443585 0 80 2
