P 15 15 0 12 2
P 23.6845876582 3.55846576148 1 100 5
P 19.1169187505 28.7616041407 2 100 5
P 0.585251594499 12.3875555848 0 99 3
P 4.43963990911 13.0861023054 0 7 1
P 9.85527960686 14.0676010652 0 21 5
P 20.3882311676 25.5559510864 0 67 1
P 23.7500452821 7.00638717388 0 67 1
P 15.9830035497 23.8300457295 0 15 3
P 19.0193098574 7.07654419878 0 15 3
P 18.6168550253 17.4059683584 0 41 3
P 19.2311675367 14.0163611985 0 41 3
P 18.9819965571 11.5569935071 0 54 4
P 17.5204382293 19.6214696173 0 54 4
P 27.4426293121 10.5805961953 0 29 3
P 25.1002950628 23.5049511364 0 29 3
P 28.7182397259 16.4085764987 0 46 5
P 28.3400524637 18.4953095995 0 46 5
P 16.7766630466 17.7323318112 0 43 1
P 17.6225508678 13.064955904 0 43 1
P 11.7035112987 19.6183002125 0 60 5
P 13.5339287029 9.5185613601 0 60 5
