P 15 15 0 27 3
P 16.094588119 7.06007275852 1 100 5
P 13.905411881 22.9399272415 2 100 5
P 8.63317902511 16.9056906335 0 73 5
P 21.3668209749 13.0943093665 0 73 5
P 23.9621362935 11.5097478627 0 78 1
P 6.03786370654 18.4902521373 0 78 1
P 25.1376534405 19.7583236245 0 70 4
P 4.86234655955 10.2416763755 0 70 4
P 22.424004773 18.3610682003 0 32 4
P 7.57599522702 11.6389317997 0 32 4
P 26.1265096396 20.1216064275 0 18 3
P 3.87349036035 9.8783935725 0 18 3
P 16.8981707222 4.32729179481 0 80 4
P 13.1018292778 25.6727082052 0 80 4
