P 15 15 0 77 3
P 15.6105260317 0.77811559366 1 100 5
P 14.3894739683 29.2218844063 2 100 5
P 10.2142477864 14.7945542079 0 71 4
P 19.7857522136 15.2054457921 0 71 4
P 4.01584438967 14.528465234 0 18 4
P 25.9841556103 15.471534766 0 18 4
P 12.8111895655 26.2495851989 0 93 1
P 17.1888104345 3.75041480111 0 93 1
P 20.1366488929 21.9312011144 0 63 5
P 9.86335110705 8.06879888562 0 63 5
P 20.6451122962 18.8829948394 0 81 1
P 9.35488770382 11.1170051606 0 81 1
P 22.9317161038 26.6582444423 0 29 5
P 7.06828389618 3.34175555774 0 29 5
P 6.80939498012 25.3682785057 0 64 3
P 23.1906050199 4.63172149432 0 64 3
P 10.7380063856 22.1251497432 0 65 3
P 19.2619936144 7.87485025682 0 65 3
P 3.24764738694 15.8847408808 0 62 2
P 26.7523526131 14.1152591192 0 62 2
P 10.7743857998 19.9061682986 0 62 1
P 19.2256142002 10.0938317014 0 62 1
P 17.427369852 22.5434565934 0 37 3
P 12.572630148 7.45654340658 0 37 3
