P 15 15 0 52 2
P 15.5562446474 1.16345680567 1 100 5
P 11.2870539183 28.3406659156 2 100 5
P 20.5371321397 8.4155054615 0 70 3
P 18.2515794179 22.9650883203 0 70 3
P 12.7621974992 5.66865732087 0 20 3
P 10.0089119968 23.1957767645 0 20 3
P 12.3469117558 25.6567425495 0 75 3
P 15.7421419365 4.04307231276 0 75 3
P 23.2222068678 11.9996589693 0 100 1
P 21.9062609542 20.3768291502 0 100 1
P 8.45126586235 12.6227594608 0 3 1
P 8.03779884711 15.2548460192 0 3 1
P 22.1086823368 2.95976410064 0 50 1
P 18.0746612627 28.6399084746 0 50 1
