P 15 15 0 70 5
P 11.0602549068 7.62333927409 1 100 5
P 14.8608321833 6.63834064413 2 100 5
P 11.5649739932 1.74609142708 0 53 2
P 22.2239531116 19.7281733781 0 7 5
P 10.9819739108 22.6417660523 0 7 5
P 28.6347469759 17.6392899694 0 20 4
P 4.36358837477 23.9296654124 0 20 4
P 22.8219138076 16.920176591 0 69 2
P 9.09539686085 20.4776888852 0 69 2
P 17.620067752 12.7361053444 0 57 2
P 11.610145006 14.2937017936 0 57 2
P 3.71429754615 22.4422399324 0 99 4
P 28.4798360673 16.0237356531 0 99 4
P 14.2215838981 22.4100247351 0 5 5
P 19.2795959461 21.0991357372 0 5 5
P 26.3069367693 11.4997515334 0 17 2
P 3.41629205241 17.432338097 0 17 2
P 27.2709722795 13.8450104613 0 39 5
P 3.71274309388 19.9506154217 0 39 5
P 18.037103923 7.43780698366 0 75 1
P 8.67213708572 9.86493287351 0 75 1
P 1.20221295054 16.652012231 0 52 2
P 27.8632829409 9.74224155595 0 52 2
P 26.2622755397 5.33953890331 0 71 4
P 0.463215678644 12.0259017288 0 71 4
