P 15 15 0 28 4
P 1.30106976464 10.5765086466 1 100 5
P 28.6989302354 19.4234913534 2 100 5
P 13.992825207 18.1190786016 0 60 2
P 16.007174793 11.8809213984 0 60 2
P 12.1096783362 23.9509194586 0 64 4
P 17.8903216638 6.04908054138 0 64 4
P 8.32628880493 12.1937622884 0 54 4
P 21.6737111951 17.8062377116 0 54 4
P 9.85812367065 26.8620962476 0 69 5
P 20.1418763294 3.13790375238 0 69 5
P 16.0230199816 24.2893689002 0 4 4
P 13.9769800184 5.71063109981 0 4 4
P 8.4644016902 24.5779105537 0 34 2
P 21.5355983098 5.42208944635 0 34 2
P 14.2559945573 3.79575668202 0 56 3
P 15.7440054427 26.204243318 0 56 3
P 23.3667029428 6.23380489789 0 19 4
P 6.63329705715 23.7661951021 0 19 4
