P 15 15 0 47 5
P 4.93395118404 24.4021495668 1 100 5
P 28.5263877234 12.3995018943 2 100 5
P 1.0345013938 15.0608976154 0 6 2
P 23.2718497174 3.74765081896 0 6 2
P 4.70748066126 10.8467191115 0 25 2
P 17.7029797168 4.23526139992 0 25 2
P 4.224498948 22.2563573557 0 48 1
P 27.2096727892 10.5626544672 0 48 1
P 5.06700083071 5.61042539895 0 14 5
P 13.2588451764 1.44282612171 0 14 5
P 25.4072144486 13.9380663287 0 29 4
P 8.01407231475 22.786824133 0 29 4
P 7.1816168468 26.7568334385 0 60 1
P 29.1062766265 15.6026668802 0 60 1
P 7.14935646454 6.68808090084 0 22 5
P 12.9038533998 3.76048166235 0 22 5
P 21.4156264526 4.89407147251 0 88 5
P 3.05405418821 14.2355179244 0 88 5
