P 15 15 0 15 1
P 17.2682973434 20.8843466846 1 100 5
P 12.7317026566 9.11565331536 2 100 5
P 3.32101094053 19.5020154788 0 100 4
P 26.6789890595 10.4979845212 0 100 4
P 19.8591458248 23.0929484337 0 42 5
P 10.1408541752 6.90705156634 0 42 5
P 22.5808205377 19.4255343379 0 80 3
P 7.4191794623 10.5744656621 0 80 3
P 5.2302255913 7.82261054932 0 58 2
P 24.7697744087 22.1773894507 0 58 2
P 15.5222436646 28.0997433513 0 98 4
P 14.4777563354 1.90025664867 0 98 4
P 21.6110095776 9.75836917581 0 6 2
P 8.38899042236 20.2416308242 0 6 2
P 25.697557368 9.66018581097 0 78 3
P 4.30244263202 20.339814189 0 78 3
P 25.4922160384 4.6464471953 0 86 1
P 4.50778396164 25.3535528047 0 86 1
P 24.4567596525 15.2979509622 0 57 5
P 5.54324034753 14.7020490378 0 57 5
P 14.6227245819 19.549702885 0 28 5
P 15.3772754181 10.450297115 0 28 5
