P 14 14 0 94 0
P 13.3865472639 23.7899317322 1 100 5
P 14.6134527361 4.21006826783 2 100 5
P 8.42132900983 13.6504315784 0 23 4
P 19.5786709902 14.3495684216 0 23 4
P 5.9913589754 13.4981657806 0 68 5
P 22.0086410246 14.5018342194 0 68 5
P 11.5780459789 5.48106611069 0 13 3
P 16.4219540211 22.5189338893 0 13 3
P 23.9678790485 10.0805110919 0 10 4
P 4.03212095147 17.9194889081 0 10 4
P 20.0207235968 19.8777227179 0 71 1
P 7.97927640323 8.12227728208 0 71 1
P 16.5431161991 19.4442311984 0 11 5
P 11.4568838009 8.55576880165 0 11 5
P 23.6547455458 13.2260794068 0 27 3
P 4.34525445422 14.7739205932 0 27 3
P 5.39833683756 10.3805275222 0 27 2
P 22.6016631624 17.6194724778 0 27 2
P 21.6985957687 10.3935166678 0 20 2
P 6.30140423134 17.6064833322 0 20 2
P 19.6377102749 5.36981328941 0 93 5
P 8.36228972509 22.6301867106 0 93 5
P 17.8164287708 8.79126472532 0 51 2
P 10.1835712292 19.2087352747 0 51 2
P 17.2292501014 3.09615577983 0 15 4
P 10.7707498986 24.9038442202 0 15 4
