P 15 15 0 69 0
P 21.6906243782 23.0435379141 1 100 5
P 8.30937562179 6.9564620859 2 100 5
P 3.9395029222 24.2001345893 0 81 3
P 26.0604970778 5.7998654107 0 81 3
P 6.56163889915 21.5605990209 0 76 2
P 23.4383611009 8.43940097909 0 76 2
P 19.7866354157 19.8317932364 0 43 1
P 10.2133645843 10.1682067636 0 43 1
P 17.0522220151 28.8135811611 0 20 2
P 12.9477779849 1.18641883887 0 20 2
P 10.9153928099 28.6297734473 0 81 4
P 19.0846071901 1.37022655268 0 81 4
P 12.0053717193 4.17198705419 0 64 2
P 17.9946282807 25.8280129458 0 64 2
P 27.0941594365 12.7542440369 0 8 3
P 2.90584056351 17.2457559631 0 8 3
