P 14 14 0 8 5
P 9.54293686268 3.65173179995 1 100 5
P 16.1000964663 2.93014627999 2 100 5
P 12.8002477694 3.09766528962 0 86 5
P 13.8222113165 12.3844066421 0 28 4
P 12.9698729367 4.63907550875 0 94 2
P 13.134259988 6.13288615548 0 60 4
P 10.9829465114 15.9648128524 0 23 5
P 17.372118021 15.2617136563 0 23 5
P 24.184132316 14.2701085261 0 93 4
P 4.11831315918 16.4782604433 0 93 4
P 10.9031016847 23.0644925965 0 65 4
P 18.9939305547 22.1741337658 0 65 4
P 18.8999060279 10.8241621822 0 3 5
P 8.52674005628 11.9656818056 0 3 5
P 5.48064810086 12.3031269629 0 84 3
P 21.9464843542 10.4911367518 0 84 3
P 23.8643793057 16.7055129225 0 31 2
P 4.96001129845 18.7858524357 0 31 2
P 14.888041435 3.50878696497 0 94 1
P 10.8518169112 3.95295507246 0 94 1
P 7.06112014698 18.1153011533 0 50 3
P 21.6677340325 16.5079098875 0 50 3
