P 15 15 0 42 4
P 16.8068372974 22.5779950588 1 100 5
P 13.1931627026 7.42200494115 2 100 5
P 2.68881335833 17.9353821197 0 77 3
P 27.3111866417 12.0646178803 0 77 3
P 11.5200020613 1.51034815811 0 47 2
P 18.4799979387 28.4896518419 0 47 2
P 5.88355983419 7.49718786284 0 23 2
P 24.1164401658 22.5028121372 0 23 2
P 22.3218721894 25.2463903289 0 48 2
P 7.67812781057 4.75360967113 0 48 2
P 2.51967885622 12.871617707 0 40 1
P 27.4803211438 17.128382293 0 40 1
P 16.9686476945 12.9312959487 0 67 5
P 13.0313523055 17.0687040513 0 67 5
P 16.4454442504 18.7887608778 0 56 2
P 13.5545557496 11.2112391222 0 56 2
P 16.1812601635 11.2680393497 0 76 3
P 13.8187398365 18.7319606503 0 76 3
P 14.3674963415 28.1663769709 0 51 1
P 15.6325036585 1.83362302911 0 51 1
P 17.4600810667 11.723551507 0 9 1
P 12.5399189333 18.276448493 0 9 1
P 2.49275859428 11.3601906959 0 3 5
P 27.5072414057 18.6398093041 0 3 5
P 22.3993208002 17.71484642 0 29 2
P 7.60067919978 12.28515358 0 29 2
