P 15 15 0 94 3
P 28.1117454073 14.2177270176 1 100 5
P 1.88825459274 15.7822729824 2 100 5
P 14.1098236883 0.0796775176259 0 64 5
P 15.8901763117 29.9203224824 0 64 5
P 14.8223206254 12.0219005691 0 44 1
P 15.1776793746 17.9780994309 0 44 1
P 6.32270440998 12.054417558 0 59 4
P 23.67729559 17.945582442 0 59 4
P 12.4853833495 9.83030254252 0 15 2
P 17.5146166505 20.1696974575 0 15 2
P 8.55650100392 26.6131758029 0 36 2
P 21.4434989961 3.38682419709 0 36 2
P 22.8330522568 16.8793241617 0 46 5
P 7.16694774323 13.1206758383 0 46 5
P 6.9094828104 3.73674168946 0 81 1
P 23.0905171896 26.2632583105 0 81 1
