P 15 15 0 60 2
P 16.6038506034 17.1139915118 1 100 5
P 12.8921948951 16.6119722423 2 100 5
P 16.0049158133 7.57020249844 0 60 5
P 15.3913481915 12.1065856692 0 55 1
P 15.672029963 10.0313782766 0 35 2
P 10.3707554949 2.71367779286 0 5 2
P 22.7267734459 4.38488859309 0 5 2
P 2.03195705005 20.3906151801 0 70 3
P 26.0700796337 23.641886766 0 70 3
P 13.8828923311 18.1380009385 0 82 1
P 15.2433600489 18.3220107346 0 82 1
P 29.1974080737 10.9327387235 0 94 3
P 2.39317808191 7.30733781916 0 94 3
P 7.26662696718 11.569410383 0 74 5
P 23.3668453155 13.7470422784 0 74 5
P 17.2953880884 27.8244456761 0 2 1
P 9.38027411496 26.753888478 0 2 1
