P 15 15 0 58 4
P 0.648066591827 18.0836035523 1 100 5
P 28.1717956469 8.51999977966 2 100 5
P 16.4910652216 19.2912354106 0 2 1
P 19.3128222182 27.4121568625 0 40 3
P 19.8465384927 28.948174297 0 45 1
P 18.6163293017 25.4076737431 0 95 2
P 16.355720984 12.4456508181 0 92 3
P 12.3524961595 13.8366416957 0 92 3
P 0.0306534180511 15.6017088441 0 68 4
P 27.1172317194 6.19000078987 0 68 4
P 17.3078672432 15.5032990423 0 38 2
P 13.5014552646 16.8259038349 0 38 2
P 18.0260257318 4.18248751186 0 85 1
P 5.91831350608 8.38952508616 0 85 1
P 11.6656584109 28.7010638292 0 88 2
P 26.111582577 23.6815733896 0 88 2
P 7.82159824775 2.03882044277 0 34 3
P 12.5949210836 0.380245465905 0 34 3
P 24.2355594988 12.5418834404 0 15 5
P 6.23007772398 18.7982047798 0 15 5
P 19.6010568504 21.8285821877 0 52 3
P 15.6244729187 23.2103162185 0 52 3
P 20.8250373391 16.1089917956 0 60 3
P 11.1176492045 19.4819945454 0 60 3
P 22.2772996222 2.10316925481 0 54 3
P 1.29367070142 9.39430020251 0 54 3
P 13.8418748425 0.419515790093 0 55 4
P 6.86765706411 2.84283042609 0 55 4
