P 15 15 0 23 2
P 26.0719886019 23.1938374048 1 100 5
P 12.5250507034 28.5500010699 2 100 5
P 10.5772266637 3.81381535884 0 91 3
P 12.5146085598 8.7138882231 0 100 5
P 9.61358858765 1.37655877217 0 15 1
P 12.3005797094 20.2461194591 0 25 4
P 20.557126919 16.9816608416 0 25 4
P 17.6210629185 6.28021485068 0 38 2
P 7.12456504584 10.430301087 0 38 2
P 1.07395186716 11.1044926775 0 34 5
P 22.4967547143 2.63438385474 0 34 5
P 10.7703205307 17.0254730193 0 98 5
P 19.4711824278 13.5853420689 0 98 5
P 13.0510950773 1.1526651097 0 19 5
P 6.95240743416 3.56395313686 0 19 5
P 15.0532606825 19.4606301869 0 62 3
P 18.0115583675 18.2909838292 0 62 3
P 19.5140810472 23.8243874023 0 100 3
P 17.741029739 24.5254132035 0 100 3
P 18.1389562582 16.4058179168 0 72 4
P 13.671131086 18.1722985066 0 72 4
P 18.4345438703 7.22289757874 0 25 2
P 7.17569080085 11.6744024261 0 25 2
P 27.3638138102 11.5661472643 0 71 1
P 3.63087153162 20.9496348134 0 71 1
P 5.68925921617 3.59467617187 0 19 2
P 13.9937222982 0.311272663875 0 19 2
