P 15 15 0 69 1
P 11.2184394709 8.003518644 1 100 5
P 8.69671352019 10.1503060969 2 100 5
P 7.7908603207 6.53177712733 0 30 1
P 8.6510632597 7.54221533871 0 28 3
P 13.6051029926 13.3614828858 0 60 3
P 7.07216792115 5.6875644075 0 47 4
P 9.75757666675 8.84198237879 0 25 4
P 12.5077636647 23.3689325168 0 12 4
P 23.6594127726 13.8753472295 0 12 4
P 9.72090586444 15.4437851828 0 48 4
P 16.2806138658 9.85939611454 0 48 4
P 15.6853094809 3.61868839895 0 85 5
P 3.6551955066 13.8601255107 0 85 5
P 12.2884948594 7.21879578466 0 72 4
P 7.75127332705 11.0814083156 0 72 4
P 5.36737828093 15.7022508317 0 17 3
P 17.230567751 5.6029193405 0 17 3
P 20.5422954526 1.97736510422 0 39 2
P 1.25975921724 18.3929105123 0 39 2
