P 14 14 0 49 0
P 20.0875923486 14.3952847051 1 100 5
P 11.0919831374 19.3626922835 2 100 5
P 18.3052411416 21.7964745713 0 71 1
P 8.23369036481 4.71405042454 0 30 2
P 9.21240288049 4.17360187311 0 30 2
P 24.2912553824 19.4137335531 0 49 4
P 13.1001890043 25.5934804309 0 49 4
P 9.18750459455 20.4656627256 0 4 1
P 22.0354968404 13.3709554578 0 4 1
P 8.25549591817 11.971621085 0 76 2
P 15.3431255679 8.05780664422 0 76 2
P 25.169511245 14.4985295075 0 67 4
P 8.47247527912 23.7186924832 0 67 4
P 14.9223391271 4.34330348834 0 58 3
P 5.33591337574 9.63696207316 0 58 3
P 4.26540592806 10.0398248679 0 45 5
P 15.8335026087 3.65188050869 0 45 5
P 24.7829807988 16.1495795465 0 5 5
P 10.0757027304 24.270991095 0 5 5
P 20.2765894059 4.27229810865 0 1 2
P 2.42387396027 14.1306314262 0 1 2
P 22.7837231524 21.3861044781 0 94 3
P 15.5724639929 25.3681875763 0 94 3
P 18.5965236898 11.2529411372 0 64 4
P 9.22672594104 16.4269769643 0 64 4
