P 15 15 0 25 2
P 18.6366722267 21.9714273185 1 100 5
P 11.3633277733 8.02857268145 2 100 5
P 18.9283394989 7.47966690687 0 13 2
P 11.0716605011 22.5203330931 0 13 2
P 1.26443020601 12.8630061051 0 61 2
P 28.735569794 17.1369938949 0 61 2
P 25.2734607391 9.20539631622 0 42 5
P 4.7265392609 20.7946036838 0 42 5
P 27.9614807122 9.968047007 0 92 3
P 2.03851928784 20.031952993 0 92 3
P 3.10678390365 14.1206011147 0 94 2
P 26.8932160964 15.8793988853 0 94 2
P 5.40037858465 14.7089687755 0 72 4
P 24.5996214154 15.2910312245 0 72 4
P 27.3943222995 18.8333286968 0 81 1
P 2.6056777005 11.1666713032 0 81 1
P 21.9612176837 14.4276875753 0 98 3
P 8.03878231626 15.5723124247 0 98 3
P 27.752908296 12.8229635199 0 65 2
P 2.24709170402 17.1770364801 0 65 2
P 15.2107340703 5.80027326403 0 3 1
P 14.7892659297 24.199726736 0 3 1
P 24.9764133829 12.7925287885 0 44 5
P 5.02358661714 17.2074712115 0 44 5
P 13.3697098739 24.4703624613 0 78 1
P 16.6302901261 5.52963753868 0 78 1
