P 15 15 0 47 5
P 20.8463133574 5.96875379549 1 100 5
P 5.92503851162 20.7782230714 2 100 5
P 10.1139620346 10.0770744022 0 45 2
P 9.11712467135 9.07271131555 0 9 2
P 2.02661205873 9.87284908297 0 65 5
P 9.97056828069 1.98841716849 0 65 5
P 6.6290110606 25.2851675653 0 20 1
P 25.3478357275 6.70660362539 0 20 1
P 18.8092180853 21.1019736745 0 37 3
P 21.0731515669 18.8550039159 0 37 3
P 21.0594884315 10.448487587 0 34 2
P 10.4030422873 21.0250846537 0 34 2
P 13.6468180425 20.3659970459 0 80 4
P 20.376022695 13.6872145301 0 80 4
