P 15 15 0 76 5
P 10.3877681184 27.5279788883 1 100 5
P 22.9541146033 25.7217068992 2 100 5
P 13.0264284025 1.26973974202 0 72 5
P 14.0445835498 8.35310837848 0 65 4
P 13.4976129593 4.54779998749 0 72 4
P 13.2069064823 2.52533696013 0 60 5
P 18.0849196654 28.7205312299 0 58 3
P 15.9044764663 29.0339455925 0 58 3
P 24.1657720447 6.33028323816 0 6 1
P 3.76340822787 9.26289522037 0 6 1
P 11.7912777447 8.75701168897 0 23 5
P 16.3204264636 8.10599713391 0 23 5
P 16.767189564 3.59683249228 0 11 2
P 10.0925580141 4.55623624745 0 11 2
P 12.2878422596 27.2790009171 0 62 4
P 21.0608387009 26.0179806395 0 62 4
P 8.6999221395 3.44910979997 0 19 4
P 17.7916128081 2.14228078581 0 19 4
P 21.3200604511 8.52563125848 0 66 1
P 7.11224862596 10.5678455614 0 66 1
P 11.0435634379 18.4158856991 0 11 4
P 19.758372042 17.1632292734 0 11 4
P 8.78539909625 25.1169977012 0 48 5
P 23.8125383021 22.9570142361 0 48 5
P 14.6221400501 27.6072039149 0 62 3
P 18.9134866484 26.9903707594 0 62 3
P 4.91759088599 24.7608825441 0 29 5
P 27.4234545361 21.5259159489 0 29 5
