P 15 15 0 40 5
P 28.1002122061 13.0754079352 1 100 5
P 1.89978779393 16.9245920648 2 100 5
P 12.8893362507 0.633244821822 0 66 1
P 17.1106637493 29.3667551782 0 66 1
P 18.2857409703 6.30879290784 0 52 5
P 11.7142590297 23.6912070922 0 52 5
P 28.8396402922 16.0640056759 0 28 2
P 1.16035970777 13.9359943241 0 28 2
P 2.43829107652 19.1609670124 0 21 4
P 27.5617089235 10.8390329876 0 21 4
P 21.4929676042 3.64520817823 0 54 5
P 8.50703239576 26.3547918218 0 54 5
P 11.8313683653 20.494928561 0 21 5
P 18.1686316347 9.50507143904 0 21 5
P 6.97918621239 26.1694318141 0 19 5
P 23.0208137876 3.8305681859 0 19 5
P 10.363995494 14.6159350251 0 89 2
P 19.636004506 15.3840649749 0 89 2
P 11.2268202862 28.9651216955 0 7 4
P 18.7731797138 1.0348783045 0 7 4
P 12.3050385379 7.0237833701 0 18 4
P 17.6949614621 22.9762166299 0 18 4
P 11.0648505525 3.0547325518 0 43 4
P 18.9351494475 26.9452674482 0 43 4
P 10.5936731392 8.38176112277 0 89 1
P 19.4063268608 21.6182388772 0 89 1
P 0.672625874685 12.4389590052 0 1 2
P 29.3273741253 17.5610409948 0 1 2
