P 15 15 0 45 2
P 25.7139601241 11.0019769197 1 100 5
P 4.28603987588 18.9980230803 2 100 5
P 10.864286195 17.7920660406 0 94 2
P 19.135713805 12.2079339594 0 94 2
P 14.6299243586 1.55561774854 0 59 3
P 15.3700756414 28.4443822515 0 59 3
P 25.6470533166 21.2100104778 0 2 3
P 4.35294668336 8.78998952223 0 2 3
P 12.641274544 15.6650060445 0 4 5
P 17.358725456 14.3349939555 0 4 5
P 15.4621612788 22.1862159441 0 59 1
P 14.5378387212 7.81378405595 0 59 1
P 12.162952311 29.1029540362 0 34 1
P 17.837047689 0.897045963799 0 34 1
P 2.7634187837 21.8644298272 0 69 5
P 27.2365812163 8.1355701728 0 69 5
P 10.5537050144 20.6953691783 0 19 3
P 19.4462949856 9.3046308217 0 19 3
P 28.4165406752 18.7731869749 0 28 4
P 1.58345932476 11.2268130251 0 28 4
