P 15 15 0 89 1
P 6.16511396144 7.64952046797 1 100 5
P 18.1291745359 3.94138221164 2 100 5
P 11.6493858919 4.18946722586 0 6 5
P 12.8193825715 7.9643834181 0 99 5
P 16.0276583579 6.79849844899 0 29 5
P 9.51410757798 8.81730691966 0 29 5
P 13.2667265014 3.0728191375 0 28 2
P 9.68402209767 4.18324173841 0 28 2
P 11.8774061046 25.4643604713 0 14 4
P 23.4933759604 21.8641093744 0 14 4
P 12.6023846457 19.1298995693 0 40 2
P 19.3130146494 17.0500084081 0 40 2
P 4.69976146807 23.7806809912 0 78 3
P 28.4606672091 16.4162311846 0 78 3
P 8.96287235211 3.48296121473 0 82 3
P 13.4654237189 2.08744145199 0 82 3
