P 15 15 0 79 2
P 19.210694028 26.1040076025 1 100 5
P 10.789305972 3.89599239753 2 100 5
P 5.09774742102 4.3129939474 0 94 3
P 24.902252579 25.6870060526 0 94 3
P 7.96432987265 20.9585184444 0 99 4
P 22.0356701274 9.04148155557 0 99 4
P 3.55652222941 10.0864161388 0 98 5
P 26.4434777706 19.9135838612 0 98 5
P 24.2499638886 4.8290978899 0 45 5
P 5.7500361114 25.1709021101 0 45 5
P 2.9496229546 15.4455930058 0 38 3
P 27.0503770454 14.5544069942 0 38 3
P 7.71644402756 13.1529770338 0 51 1
P 22.2835559724 16.8470229662 0 51 1
P 9.44794953269 21.4935578833 0 50 3
P 20.5520504673 8.50644211674 0 50 3
P 24.6362272274 18.767041684 0 47 4
P 5.36377277264 11.232958316 0 47 4
