P 15 15 0 31 0
P 5.41236714757 23.6107643149 1 100 5
P 27.8856921743 15.1640213014 2 100 5
P 18.6385487259 24.6806885224 0 64 1
P 20.0269871431 28.3747547181 0 65 5
P 19.4279698738 26.7810150047 0 75 4
P 16.0849560088 17.8866237538 0 1 1
P 26.187227794 24.1339075992 0 70 3
P 12.5985002454 29.2413177997 0 70 3
P 11.9979787506 22.851141636 0 5 5
P 22.4300996924 18.930162227 0 5 5
P 2.07550232757 19.2448939806 0 66 1
P 27.5208277438 9.68110560354 0 66 1
P 15.9489101226 25.6553789624 0 8 4
P 21.3043255989 23.6425117874 0 8 4
P 2.29489276159 15.6710361823 0 15 1
P 25.0017768803 7.13650848965 0 15 1
P 22.5557736156 10.2342110415 0 57 5
P 6.17570228326 16.3907656645 0 57 5
P 13.0627465095 2.71838018195 0 56 5
P 8.36819303156 4.48285814611 0 56 5
P 16.6798065502 2.85969594918 0 54 3
P 5.7396639489 6.97161854958 0 54 3
P 24.5305476017 22.0809924354 0 26 2
P 12.4928647973 26.605432544 0 26 2
P 6.07103121679 10.0103444329 0 92 5
P 18.4319746755 5.36440473888 0 92 5
P 19.9605075647 1.24505304626 0 93 3
P 2.20763601534 7.91758341501 0 93 3
