P 15 15 0 35 2
P 15.3465059747 5.75465110508 1 100 5
P 14.6534940253 24.2453488949 2 100 5
P 5.92229985414 14.6597773245 0 75 5
P 24.0777001459 15.3402226755 0 75 5
P 11.2384105918 10.4094400392 0 20 5
P 18.7615894082 19.5905599608 0 20 5
P 27.1062399089 12.8633009349 0 62 5
P 2.89376009107 17.1366990651 0 62 5
P 22.0771503278 8.43874116719 0 45 1
P 7.92284967219 21.5612588328 0 45 1
P 10.9650044863 5.4570415158 0 68 1
P 19.0349955137 24.5429584842 0 68 1
P 3.08461388128 18.7904957027 0 67 2
P 26.9153861187 11.2095042973 0 67 2
P 5.94208900514 7.76032106349 0 82 3
P 24.0579109949 22.2396789365 0 82 3
P 21.5660521841 21.6855272336 0 92 2
P 8.43394781595 8.31447276638 0 92 2
P 17.156836921 6.45337588562 0 5 5
P 12.843163079 23.5466241144 0 5 5
P 13.6126073795 17.6820421505 0 88 1
P 16.3873926205 12.3179578495 0 88 1
