P 15 15 0 12 3
P 25.2403105948 8.22376867857 1 100 5
P 2.72514924238 15.3306219559 2 100 5
P 18.1955016935 25.1236417053 0 21 1
P 28.97961831 15.2553819625 0 43 1
P 3.70026840192 23.23474431 0 43 1
P 22.1692247883 25.1474510797 0 34 1
P 14.9555333156 27.4244344014 0 34 1
P 10.5158290022 25.8690727071 0 81 1
P 24.9114752474 21.3251236723 0 81 1
P 8.96734548189 8.82650659609 0 45 5
P 16.3952889911 6.48189516533 0 45 5
P 5.38539657796 15.77232399 0 75 4
P 23.3157109911 10.1126659597 0 75 4
P 15.0835419487 24.5552173541 0 46 1
P 20.4172072951 22.871659486 0 46 1
P 8.97964763994 18.1729018273 0 20 3
P 21.7509426699 14.1416751122 0 20 3
P 9.36965414539 12.017725901 0 82 5
P 17.8979491386 9.32579132973 0 82 5
P 22.3902499155 15.2552074283 0 50 4
P 9.09546472632 19.4516724775 0 50 4
P 15.1888945359 4.68275483985 0 28 4
P 8.92224796254 6.66080585359 0 28 4
P 24.2603021574 26.7012898338 0 34 3
P 14.1354363704 29.8971779056 0 34 3
P 6.31505192709 19.028521269 0 23 4
P 24.4238895243 13.3125128509 0 23 4
