P 15 15 0 80 4
P 2.09262537583 9.46701742064 1 100 5
P 21.0385158787 27.6787437033 2 100 5
P 5.09252421224 8.56784883019 0 76 1
P 21.8184843101 24.6456682956 0 76 1
P 4.04688191904 21.6662059022 0 29 3
P 8.77165369847 26.2078900411 0 29 3
P 12.6688993383 6.39801411273 0 92 2
P 23.6873527051 16.9894960357 0 92 2
P 6.06976136289 10.4304771765 0 99 3
P 19.9187080269 23.7427691435 0 99 3
P 21.6474590051 14.1364832264 0 70 3
P 15.600262908 8.32361947732 0 70 3
P 13.1087084861 26.1734663508 0 77 5
P 3.90996162505 17.3311762536 0 77 5
P 22.7110173092 23.9342111056 0 44 3
P 5.76817037341 7.6479092927 0 44 3
