P 15 15 0 10 3
P 5.19486979255 14.0347960657 1 100 5
P 10.2614547251 6.36180657214 2 100 5
P 4.09103526797 7.79665423929 0 36 1
P 7.26870935044 9.89491797863 0 7 5
P 19.6152960509 4.80872930158 0 31 1
P 7.44024163066 23.2470000293 0 31 1
P 26.2876070667 7.19320097417 0 68 5
P 12.2536208579 28.446694238 0 68 5
P 21.6082829803 25.4291174998 0 64 5
P 27.1864769285 16.981331836 0 64 5
P 12.5177888387 6.96169218131 0 61 1
P 6.6327131733 15.8742288013 0 61 1
P 11.4996995706 9.41797029139 0 12 5
P 8.49177745121 13.9732585432 0 12 5
P 19.3371858459 2.33079974433 0 84 3
P 5.05219224446 23.9644261969 0 84 3
P 25.2130252679 8.77847409154 0 59 2
P 13.2894798873 26.835851921 0 59 2
P 11.2225468399 18.5242040751 0 81 1
P 16.7574593817 10.1419650823 0 81 1
P 26.7665443231 9.17427831558 0 74 5
P 14.2636144226 28.1090935893 0 74 5
P 13.5274362971 3.32387881795 0 85 5
P 3.68373663237 18.2314753769 0 85 5
P 5.68508228461 4.74557844904 0 22 4
P 1.91116978718 10.4609057017 0 22 4
