P 15 15 0 79 5
P 10.8967028806 25.7991270199 1 100 5
P 19.1032971194 4.20087298009 2 100 5
P 3.51594530878 10.6364539053 0 23 1
P 26.4840546912 19.3635460947 0 23 1
P 4.99919841633 11.2000391092 0 36 3
P 25.0008015837 18.7999608908 0 36 3
P 9.26133629114 1.9564234107 0 32 1
P 20.7386637089 28.0435765893 0 32 1
P 22.8391606732 22.4291854224 0 9 5
P 7.16083932684 7.57081457756 0 9 5
P 16.6065339943 19.3714714154 0 7 3
P 13.3934660057 10.6285285846 0 7 3
P 3.4263691941 14.0816004891 0 86 5
P 26.5736308059 15.9183995109 0 86 5
P 22.6344197032 3.1316149686 0 86 3
P 7.36558029684 26.8683850314 0 86 3
P 10.7988649832 16.7255798257 0 94 5
P 19.2011350168 13.2744201743 0 94 5
