P 15 15 0 93 1
P 13.4074630054 21.021679183 1 100 5
P 16.5925369946 8.978320817 2 100 5
P 7.64423545274 23.0787004711 0 21 5
P 22.3557645473 6.92129952886 0 21 5
P 17.8183307741 21.6367513558 0 95 2
P 12.1816692259 8.36324864421 0 95 2
P 20.0321534979 21.9174468688 0 87 3
P 9.96784650212 8.08255313123 0 87 3
P 24.6386941984 26.3392622388 0 99 2
P 5.36130580155 3.66073776121 0 99 2
P 23.8087585985 14.9132836937 0 10 5
P 6.19124140151 15.0867163063 0 10 5
P 17.0091477969 2.63171190662 0 13 5
P 12.9908522031 27.3682880934 0 13 5
