P 15 15 0 91 2
P 2.71790357217 6.4830056914 1 100 5
P 27.2820964278 23.5169943086 2 100 5
P 8.2795279319 24.6913867722 0 18 3
P 21.7204720681 5.30861322784 0 18 3
P 21.443572999 19.258521818 0 29 5
P 8.55642700103 10.741478182 0 29 5
P 25.6531481263 21.2300193431 0 79 1
P 4.34685187374 8.76998065694 0 79 1
P 24.7804799068 10.2918039397 0 50 1
P 5.21952009322 19.7081960603 0 50 1
P 5.54840467493 21.0593065205 0 70 5
P 24.4515953251 8.94069347951 0 70 5
P 6.62073822434 19.0097145405 0 63 2
P 23.3792617757 10.9902854595 0 63 2
P 18.3292589596 28.402779268 0 92 1
P 11.6707410404 1.59722073201 0 92 1
P 16.0723429065 21.6396969667 0 11 3
P 13.9276570935 8.36030303328 0 11 3
P 25.446807766 8.6135406502 0 59 1
P 4.55319223396 21.3864593498 0 59 1
P 12.0052549776 16.692748698 0 60 4
P 17.9947450224 13.307251302 0 60 4
P 20.6879657544 16.5411170842 0 51 1
P 9.31203424561 13.4588829158 0 51 1
P 11.3431958685 25.8410505595 0 14 5
P 18.6568041315 4.15894944047 0 14 5
P 14.4472082504 28.3679234479 0 38 5
P 15.5527917496 1.63207655209 0 38 5
