P 15 15 0 72 1
P 19.0689367763 11.6266845638 1 100 5
P 10.2894120385 17.3970533115 2 100 5
P 22.8355512559 26.9216672441 0 72 4
P 22.2592363473 26.0448132305 0 69 5
P 21.5354421849 24.943571866 0 96 1
P 18.2179154304 19.8960074063 0 94 2
P 13.800719762 6.73155810514 0 28 2
P 7.88559044959 10.6192944396 0 28 2
P 3.80891665189 11.6660779613 0 10 5
P 16.3787066186 3.40454611822 0 10 5
P 14.1492878772 4.707187312 0 83 4
P 5.88902788722 10.1362677596 0 83 4
P 16.7200651645 5.76544440186 0 23 2
P 5.84072845662 12.9159208125 0 23 2
P 8.2255993282 16.2652777194 0 17 2
P 18.8486532758 9.2832439153 0 17 2
P 9.34795516299 13.6101984222 0 90 3
P 15.9661883004 9.26034500745 0 90 3
P 28.6494452681 11.8031254794 0 11 4
P 6.65111517829 26.2615933624 0 11 4
