P 15 15 0 69 0
P 15.6255222166 3.96593722793 1 100 5
P 14.3744777834 26.0340627721 2 100 5
P 5.76898213828 14.4766925951 0 38 2
P 24.2310178617 15.5233074049 0 38 2
P 17.0380908438 27.0150915392 0 74 1
P 12.9619091562 2.98490846085 0 74 1
P 6.93208880649 8.16782359513 0 36 3
P 23.0679111935 21.8321764049 0 36 3
P 25.7649343302 10.6063491064 0 14 3
P 4.23506566978 19.3936508936 0 14 3
P 7.41808846647 6.87676248435 0 41 4
P 22.5819115335 23.1232375156 0 41 4
P 9.15174080316 20.6117485045 0 32 1
P 20.8482591968 9.38825149552 0 32 1
P 9.45987028098 22.1099517674 0 6 2
P 20.540129719 7.89004823256 0 6 2
P 18.0807849932 10.1398844262 0 3 5
P 11.9192150068 19.8601155738 0 3 5
