P 15 15 0 75 2
P 6.48847206616 13.2558073184 1 100 5
P 23.5115279338 16.7441926816 2 100 5
P 13.8916359124 20.4087326428 0 98 2
P 16.1083640876 9.5912673572 0 98 2
P 13.4907208215 22.3651678641 0 90 4
P 16.5092791785 7.63483213592 0 90 4
P 9.42970993624 18.1732904513 0 4 2
P 20.5702900638 11.8267095487 0 4 2
P 10.4502777125 2.11586957404 0 66 5
P 19.5497222875 27.884130426 0 66 5
P 25.4176419975 11.2716375051 0 19 5
P 4.58235800251 18.7283624949 0 19 5
P 15.2127517027 18.1925689702 0 48 4
P 14.7872482973 11.8074310298 0 48 4
P 7.90618266755 3.49739713637 0 57 5
P 22.0938173325 26.5026028636 0 57 5
P 16.8917652931 26.4710050605 0 95 5
P 13.1082347069 3.52899493952 0 95 5
P 12.53060161 25.9419572115 0 85 2
P 17.46939839 4.05804278851 0 85 2
P 7.99897413295 19.0268989718 0 55 2
P 22.0010258671 10.9731010282 0 55 2
P 20.7019575909 10.5062528062 0 63 5
P 9.29804240908 19.4937471938 0 63 5
