P 15 15 0 42 1
P 5.59048090515 7.18687132255 1 100 5
P 24.4095190948 22.8131286775 2 100 5
P 16.4394562034 10.0875987531 0 10 3
P 13.5605437966 19.9124012469 0 10 3
P 0.682523854308 12.2821067461 0 10 4
P 29.3174761457 17.7178932539 0 10 4
P 11.8108960267 24.6007436178 0 13 5
P 18.1891039733 5.3992563822 0 13 5
P 15.9706521834 18.9897943901 0 54 4
P 14.0293478166 11.0102056099 0 54 4
P 27.0989602383 19.5812593069 0 84 1
P 2.90103976173 10.4187406931 0 84 1
P 10.6215205383 2.98747327775 0 10 1
P 19.3784794617 27.0125267223 0 10 1
P 9.72175970771 26.927504002 0 84 5
P 20.2782402923 3.072495998 0 84 5
P 15.4986535885 5.58299977057 0 35 3
P 14.5013464115 24.4170002294 0 35 3
