P 14 14 0 58 0
P 9.29957372032 4.3712062023 1 100 5
P 17.6076969233 24.0892120663 2 100 5
P 17.3784173009 12.5765139051 0 89 1
P 21.5872842853 10.8031203027 0 46 2
P 18.0632992463 15.1152798244 0 16 4
P 16.0399325614 10.3131415817 0 16 4
P 12.3455974516 22.0514337534 0 74 1
P 7.08250031508 9.56031179176 0 74 1
P 11.2044115673 18.3136578056 0 67 5
P 8.96033611308 12.9877024865 0 67 5
P 19.7422162949 18.8135354358 0 2 5
P 14.5659660302 6.52853067855 0 2 5
P 13.0079078034 4.79908602162 0 89 3
P 19.8916318212 21.1365075105 0 89 3
P 8.51662650492 10.4707492978 0 20 4
P 12.6957367828 20.3892012698 0 20 4
P 8.49701935126 15.2420393819 0 88 5
P 9.26749914941 17.0706503457 0 88 5
P 5.94875449221 9.55534457456 0 46 5
P 11.5572695939 22.8662610068 0 46 5
P 24.0107847472 7.72759329289 0 43 4
P 25.4809972234 11.2169082102 0 43 4
P 7.34184927805 11.0244301102 0 58 4
P 11.4789570672 20.8431958716 0 58 4
P 11.4202890838 3.851108628 0 100 1
P 19.461148393 22.9348062498 0 100 1
