P 15 15 0 56 1
P 20.7885272331 3.89014536571 1 100 5
P 9.21147276693 26.1098546343 2 100 5
P 2.47203742852 8.47260113592 0 99 3
P 27.5279625715 21.5273988641 0 99 3
P 8.53589447592 12.2312476535 0 77 4
P 21.4641055241 17.7687523465 0 77 4
P 3.79323545112 5.8256424573 0 16 2
P 26.2067645489 24.1743575427 0 16 2
P 21.6852102641 20.9567657881 0 91 3
P 8.31478973588 9.04323421187 0 91 3
P 25.8673732778 17.3203930119 0 16 4
P 4.13262672221 12.6796069881 0 16 4
P 3.38720498027 14.4717180031 0 37 5
P 26.6127950197 15.5282819969 0 37 5
P 11.9363778401 8.71903622258 0 62 2
P 18.0636221599 21.2809637774 0 62 2
P 18.3934395782 22.696396284 0 40 1
P 11.6065604218 7.30360371602 0 40 1
P 27.6317493172 13.3928543717 0 53 2
P 2.36825068276 16.6071456283 0 53 2
P 11.1927154334 19.5505982257 0 84 5
P 18.8072845666 10.4494017743 0 84 5
P 23.3585461019 9.54543116707 0 81 5
P 6.64145389807 20.4545688329 0 81 5
P 14.2649212017 28.2742987176 0 97 1
P 15.7350787983 1.72570128236 0 97 1
P 7.50699379839 23.2205959907 0 1 1
P 22.4930062016 6.77940400932 0 1 1
