P 15 15 0 2 1
P 18.3007391527 7.5252240952 1 100 5
P 9.45938577357 21.0057262487 2 100 5
P 4.80892422701 8.31605742902 0 62 5
P 3.58526261031 7.51350388565 0 100 4
P 0.610886478993 13.9052994819 0 77 3
P 8.2626169734 2.23862753863 0 77 3
P 7.52908845696 14.5602903254 0 2 3
P 11.6199219757 8.32295451331 0 2 3
P 5.77626197147 4.45353255599 0 76 4
P 1.65168908845 10.7423111228 0 76 4
P 19.1088706126 13.4967647797 0 11 4
P 15.2584244707 19.3675794935 0 11 4
P 6.82634744593 23.3077464657 0 83 5
P 19.3629970877 4.19298821013 0 83 5
P 5.75823581414 3.22015810858 0 34 1
P 0.513267502493 11.2172150736 0 34 1
P 3.03164522426 11.8524585992 0 18 2
P 7.3443212232 5.27687728276 0 18 2
P 3.18118500755 20.1016793349 0 61 4
P 14.9700104692 2.1271362747 0 61 4
P 1.33959837615 15.743093316 0 35 4
P 10.2385784956 2.17472708053 0 35 4
P 1.14862223566 12.237075923 0 57 5
P 6.94679903018 3.3965363117 0 57 5
P 9.34811178475 23.1021780038 0 34 4
P 20.1792472974 6.58783462863 0 34 4
P 28.2425370708 9.02288957668 0 48 4
P 14.7943339082 29.5275028323 0 48 4
