P 14 14 0 75 1
P 19.5961912283 19.9860039492 1 100 5
P 21.5615792951 10.8421339315 2 100 5
P 25.1357504549 16.3935238599 0 76 1
P 22.722402079 15.874797534 0 24 5
P 18.7778040882 15.0269436379 0 86 1
P 23.8609273373 16.1195127314 0 68 1
P 20.0967583525 15.3104403376 0 19 3
P 18.325137876 22.7237157249 0 11 1
P 21.5277032466 7.82393996746 0 11 1
P 12.4906787533 22.711801824 0 43 5
P 16.2036398546 5.43743537027 0 43 5
P 4.15240783778 14.6597634513 0 46 4
P 5.29322849723 9.35215219659 0 46 4
P 12.654909124 21.1523171818 0 40 2
P 15.712576861 6.92667044252 0 40 2
P 16.8996103461 16.3584927176 0 42 5
P 17.6126203001 13.0412494458 0 42 5
