P 15 15 0 19 2
P 18.1902638875 9.75629042392 1 100 5
P 11.8097361125 20.2437095761 2 100 5
P 6.70334745442 9.95233086054 0 87 2
P 23.2966525456 20.0476691395 0 87 2
P 27.4292463279 20.5649843695 0 28 1
P 2.57075367211 9.43501563046 0 28 1
P 13.9965629728 21.5608165053 0 41 3
P 16.0034370272 8.43918349472 0 41 3
P 11.5222738566 23.3857117395 0 16 4
P 18.4777261434 6.6142882605 0 16 4
P 21.8977391378 26.9224944849 0 33 4
P 8.10226086221 3.07750551506 0 33 4
P 22.2355686953 2.55439238606 0 93 3
P 7.76443130473 27.4456076139 0 93 3
