P 15 15 0 42 3
P 15.2152867727 29.598311947 1 100 5
P 14.7847132273 0.401688053044 2 100 5
P 2.02226178104 15.1913875651 0 31 3
P 27.977738219 14.8086124349 0 31 3
P 22.2268103078 27.9821157326 0 72 4
P 7.77318969225 2.01788426738 0 72 4
P 4.6973839093 15.2804695147 0 61 2
P 25.3026160907 14.7195304853 0 61 2
P 8.68091944184 7.85187367783 0 78 3
P 21.3190805582 22.1481263222 0 78 3
P 10.9378138399 22.18550173 0 6 2
P 19.0621861601 7.81449827 0 6 2
P 4.70163169523 11.4847833689 0 70 1
P 25.2983683048 18.5152166311 0 70 1
P 19.3349808621 5.76608393992 0 46 3
P 10.6650191379 24.2339160601 0 46 3
P 5.71029763296 15.5278695508 0 57 2
P 24.289702367 14.4721304492 0 57 2
P 12.362533477 13.7305027704 0 81 3
P 17.637466523 16.2694972296 0 81 3
P 21.5671954057 1.71180816828 0 22 1
P 8.43280459434 28.2881918317 0 22 1
