P 15 15 0 78 3
P 25.1549891768 14.0547387974 1 100 5
P 4.84501082322 15.9452612026 2 100 5
P 6.68457196191 20.7003742633 0 21 4
P 23.3154280381 9.29962573666 0 21 4
P 14.9608962141 12.4910085272 0 53 5
P 15.0391037859 17.5089914728 0 53 5
P 12.2998320468 0.780304533026 0 5 5
P 17.7001679532 29.219695467 0 5 5
P 11.1585774731 8.30752193536 0 42 4
P 18.8414225269 21.6924780646 0 42 4
P 24.0142620996 24.0244862692 0 96 1
P 5.98573790045 5.97551373076 0 96 1
P 14.7513838885 22.9205764375 0 40 4
P 15.2486161115 7.07942356251 0 40 4
P 22.0696222851 3.30767252727 0 12 2
P 7.93037771489 26.6923274727 0 12 2
