P 15 15 0 5 4
P 14.0257653654 29.4909077226 1 100 5
P 2.14546070221 21.7599082235 2 100 5
P 7.61765333944 17.26525838 0 53 1
P 15.9188846589 22.667208666 0 53 1
P 20.2973856997 19.8521881227 0 44 1
P 8.41804798207 12.1218178545 0 44 1
P 6.29183224681 13.3764992721 0 59 1
P 20.011390178 22.3043759976 0 59 1
P 3.67160672815 16.5643178883 0 37 3
P 18.158000874 25.9912062603 0 37 3
P 6.21796042512 15.6148546487 0 62 3
P 17.9947677278 23.278504188 0 62 3
P 12.8899059173 20.3930575602 0 39 2
P 10.9237317125 19.1135876962 0 39 2
