P 15 15 0 23 1
P 16.8277233625 23.8270047861 1 100 5
P 20.6864391954 21.9943545421 2 100 5
P 12.9879929053 10.7636413943 0 7 1
P 9.78902402077 4.02808892099 0 48 3
P 8.88411065172 2.12275889087 0 43 3
P 27.6601878203 14.4610517903 0 22 1
P 6.58232660839 24.4717261093 0 22 1
P 11.1099664956 5.08276886371 0 2 5
P 9.77175205818 5.7183375662 0 2 5
P 7.9431742205 9.01314484662 0 3 1
P 14.8190857512 5.74751413163 0 3 1
P 23.5107222621 3.06103139629 0 19 5
P 0.368776745528 14.0520174999 0 19 5
P 14.7598650546 9.30520257913 0 17 2
P 10.7379845238 11.2153459157 0 17 2
P 19.5740357463 7.42966182553 0 86 1
P 6.2422753126 13.7614196096 0 86 1
P 25.3528984931 5.25678922355 0 27 5
P 0.906530818033 16.867294797 0 27 5
