P 15 15 0 71 1
P 28.0780550288 11.1827548703 1 100 5
P 1.796502197 11.6422433856 2 100 5
P 14.7946352811 3.2536700468 0 58 4
P 14.831643044 5.37041822293 0 30 5
P 14.7768554069 2.23670730004 0 20 4
P 14.8650612854 7.28185506634 0 60 2
P 2.9667731721 14.6430061812 0 68 2
P 27.0133937245 14.222591678 0 68 2
P 23.2271804643 2.88020666645 0 16 4
P 6.35418884787 3.17520239658 0 16 4
P 7.09573874962 9.2205078164 0 66 4
P 22.6974030524 8.94773909484 0 66 4
P 9.13637780365 17.9290113533 0 69 3
P 20.9624249971 17.7222529132 0 69 3
P 18.6186328109 16.1169343616 0 16 2
P 11.4226221833 16.2427444406 0 16 2
P 2.32694576097 21.1634909202 0 6 3
P 27.8807597398 20.7167256883 0 6 3
