P 15 15 0 57 1
P 15.2854257483 1.39788102276 1 100 5
P 26.9885907213 8.56783076677 2 100 5
P 21.9220937575 3.70139846229 0 54 2
P 14.2191602355 6.29498960852 0 41 1
P 23.110003044 11.7419688031 0 41 1
P 10.0757650996 25.9495398106 0 56 2
P 7.48148991983 24.360155853 0 56 2
P 19.5031864472 17.9016044539 0 93 2
P 10.369658744 12.3059442399 0 93 2
P 18.1516252758 23.7628100687 0 34 5
P 5.76172707136 16.1721328746 0 34 5
P 8.03182212495 4.255536758 0 26 4
P 27.7371639446 16.3280240604 0 26 4
P 28.9145414433 10.3481663886 0 67 5
P 12.8245734286 0.490639615817 0 67 5
P 11.3518959179 15.3982686212 0 31 2
P 16.3020945273 18.4310102201 0 31 2
P 0.322939412919 12.0010168733 0 78 1
P 24.3379198556 26.7138063857 0 78 1
P 11.918880071 25.7445289465 0 60 5
P 6.8270200194 22.6249983957 0 60 5
