P 14 14 0 27 3
P 23.4986837073 15.8242274734 1 100 5
P 4.96244081151 10.5539410973 2 100 5
P 10.8657276583 25.0236198342 0 16 4
P 11.3891417769 23.1827082508 0 99 3
P 12.3387802416 19.8427134215 0 33 5
P 22.2057878038 18.7424644877 0 23 4
P 4.52660632404 13.7158606707 0 23 4
P 11.8139576615 10.3221774927 0 71 1
P 17.793998774 12.022442718 0 71 1
P 12.0634064421 5.73258883348 0 36 1
P 19.9965185067 7.98815770305 0 36 1
P 2.83140072129 14.985293508 0 63 2
P 22.9795443509 20.7138808744 0 63 2
P 13.7289439846 19.7603202407 0 44 5
P 11.1999151829 19.0412583405 0 44 5
P 15.139380856 23.616041618 0 91 2
P 7.97190605219 21.578161287 0 91 2
P 9.87648904773 3.23683357976 0 55 2
P 23.1693574067 7.01630622724 0 55 2
P 2.56761030192 12.34254034 0 94 2
P 24.5942688599 18.6052333335 0 94 2
P 18.0839850098 21.002373675 0 25 2
P 6.84286773638 17.8062617363 0 25 2
P 17.2789930001 19.7251384372 0 48 4
P 8.19941684638 17.1436030757 0 48 4
P 6.10158779982 10.2759828707 0 98 1
P 22.6761763973 14.9885251569 0 98 1
P 10.9541953932 5.65896990759 0 35 3
P 20.9785381307 8.50912445378 0 35 3
