P 15 15 0 74 1
P 28.4313716939 17.080993119 1 100 5
P 1.56862830607 12.919006881 2 100 5
P 13.9750791531 21.6151553916 0 36 1
P 16.0249208469 8.38484460842 0 36 1
P 12.9640902575 28.1403896714 0 80 3
P 17.0359097425 1.85961032862 0 80 3
P 8.28162320886 21.3430146496 0 90 3
P 21.7183767911 8.65698535035 0 90 3
P 22.5544505837 26.3731679482 0 99 2
P 7.44554941632 3.6268320518 0 99 2
P 5.41906473799 13.1028794258 0 16 3
P 24.580935262 16.8971205742 0 16 3
P 19.1573203018 25.5802260076 0 82 4
P 10.8426796982 4.41977399244 0 82 4
P 6.87813102155 19.2607499953 0 41 2
P 23.1218689784 10.7392500047 0 41 2
