P 15 15 0 3 3
P 12.9828478974 23.6342649117 1 100 5
P 17.0171521026 6.36573508833 2 100 5
P 4.2812587302 12.495868877 0 90 4
P 25.7187412698 17.504131123 0 90 4
P 2.66020152632 12.1171546517 0 13 1
P 27.3397984737 17.8828453483 0 13 1
P 12.0798323523 3.58183824582 0 5 2
P 17.9201676477 26.4181617542 0 5 2
P 22.8770544367 17.4797488085 0 2 2
P 7.12294556327 12.5202511915 0 2 2
P 8.4519582088 23.3463469988 0 61 5
P 21.5480417912 6.65365300123 0 61 5
P 12.5529928722 20.3702863443 0 36 4
P 17.4470071278 9.62971365567 0 36 4
P 12.6751595442 26.0131659234 0 46 2
P 17.3248404558 3.98683407656 0 46 2
P 21.0234138011 5.40827620602 0 12 4
P 8.97658619888 24.591723794 0 12 4
P 18.4032588978 5.24968086618 0 36 5
P 11.5967411022 24.7503191338 0 36 5
P 17.4430270847 12.8203030851 0 88 1
P 12.5569729153 17.1796969149 0 88 1
