P 15 15 0 60 2
P 18.1325018047 5.32400530447 1 100 5
P 11.8674981953 24.6759946955 2 100 5
P 6.40153152376 12.2163360082 0 11 3
P 23.5984684762 17.7836639918 0 11 3
P 19.8467319465 15.6377418373 0 71 4
P 10.1532680535 14.3622581627 0 71 4
P 4.80779785451 12.2017604825 0 26 3
P 25.1922021455 17.7982395175 0 26 3
P 21.5811247525 19.8452209439 0 31 4
P 8.41887524751 10.1547790561 0 31 4
P 17.4512770798 24.5486187107 0 52 1
P 12.5487229202 5.45138128926 0 52 1
P 24.2823020787 20.1068906079 0 51 3
P 5.7176979213 9.89310939214 0 51 3
P 18.0184376047 12.15231923 0 40 2
P 11.9815623953 17.84768077 0 40 2
P 29.2357062547 16.4911597683 0 8 1
P 0.764293745322 13.5088402317 0 8 1
P 21.2281387793 2.81140761891 0 33 4
P 8.77186122066 27.1885923811 0 33 4
P 18.2023855355 9.08375007982 0 46 5
P 11.7976144645 20.9162499202 0 46 5
P 16.0762825492 26.750481458 0 28 1
P 13.9237174508 3.24951854199 0 28 1
P 10.1658750232 15.7280621499 0 64 4
P 19.8341249768 14.2719378501 0 64 4
