P 15 15 0 31 5
P 6.63011801851 11.0098684096 1 100 5
P 23.3698819815 18.9901315904 2 100 5
P 18.6012694143 7.42209479172 0 41 5
P 11.3987305857 22.5779052083 0 41 5
P 4.31792828942 18.1275409775 0 74 2
P 25.6820717106 11.8724590225 0 74 2
P 19.053297634 13.0280933818 0 92 4
P 10.946702366 16.9719066182 0 92 4
P 18.5173278855 1.35093865003 0 99 3
P 11.4826721145 28.64906135 0 99 3
P 5.39156557921 22.4063801652 0 23 2
P 24.6084344208 7.59361983475 0 23 2
P 15.1542250414 0.00870286617436 0 81 1
P 14.8457749586 29.9912971338 0 81 1
P 23.5306470458 16.3341151066 0 30 1
P 6.46935295421 13.6658848934 0 30 1
P 13.1997381882 18.1660166799 0 92 2
P 16.8002618118 11.8339833201 0 92 2
P 1.81635139116 16.8684137618 0 14 4
P 28.1836486088 13.1315862382 0 14 4
P 16.2457050305 21.8054580173 0 100 1
P 13.7542949695 8.1945419827 0 100 1
