P 15 15 0 40 0
P 11.1350391885 20.03815862 1 100 5
P 18.8649608115 9.96184137996 2 100 5
P 7.67190911767 9.37834609443 0 61 4
P 22.3280908823 20.6216539056 0 61 4
P 8.57457788348 10.070817227 0 35 4
P 21.4254221165 19.929182773 0 35 4
P 19.776944019 21.0059618743 0 30 5
P 10.223055981 8.99403812574 0 30 5
P 13.1077034746 11.131851562 0 13 5
P 16.8922965254 18.868148438 0 13 5
P 15.6869096517 12.9055818921 0 100 1
P 14.3130903483 17.0944181079 0 100 1
P 11.8494045632 17.5256688634 0 69 5
P 18.1505954368 12.4743311366 0 69 5
P 9.86335497475 3.02421583229 0 70 2
P 20.1366450253 26.9757841677 0 70 2
P 17.8894390629 15.2509010565 0 79 2
P 12.1105609371 14.7490989435 0 79 2
P 14.676901736 3.57362796705 0 84 2
P 15.323098264 26.4263720329 0 84 2
