P 15 15 0 76 2
P 17.7297310756 3.73177132103 1 100 5
P 23.8069493727 7.45930692488 2 100 5
P 11.6180707685 20.5137561084 0 41 5
P 9.08877483872 24.6374145082 0 16 3
P 7.75994567688 26.8038820499 0 90 2
P 13.4600139173 17.5107289625 0 92 1
P 7.21535524675 27.691759532 0 78 4
P 4.04626886155 16.6071229671 0 18 4
P 18.5323723245 25.492350349 0 18 4
P 11.8243743517 1.49577767431 0 89 5
P 28.4767434088 11.7097103511 0 89 5
P 12.4533843757 5.61187220555 0 49 5
P 24.5226455743 13.0147000505 0 49 5
P 19.235956144 20.8465439238 0 92 1
P 7.86852365019 13.8741912332 0 92 1
P 9.23740806092 15.162131223 0 36 2
P 17.4674514141 20.2101282046 0 36 2
P 22.8229041644 14.328803424 0 96 3
P 12.0524536639 7.72261688479 0 96 3
P 6.8072005624 4.2111283653 0 97 3
P 28.3304438434 17.4126708668 0 97 3
