P 15 15 0 31 4
P 1.26187709433 9.29236211137 1 100 5
P 22.3612146237 27.9277094067 2 100 5
P 20.9925197173 8.21514141045 0 72 1
P 24.8063466023 3.89704529714 0 25 1
P 23.0188125104 5.92092950774 0 66 2
P 2.6174629902 20.9174070739 0 22 2
P 10.6577537987 28.0187490645 0 22 2
P 14.5853998944 2.8883327025 0 85 3
P 27.0700989883 13.9150629573 0 85 3
P 26.0439883126 12.6281157152 0 5 3
P 15.9892604156 3.74758351551 0 5 3
P 17.8917685139 3.96921400007 0 40 3
P 25.589006537 10.7675650656 0 40 3
P 7.81688571553 27.9531379719 0 9 1
P 3.03355229188 23.7284044012 0 9 1
