P 15 15 0 44 5
P 21.02674865 24.9475955305 1 100 5
P 8.97325134998 5.0524044695 2 100 5
P 6.1405881054 20.3674728242 0 60 4
P 23.8594118946 9.63252717583 0 60 4
P 4.00326082286 21.6623721066 0 67 1
P 25.9967391771 8.33762789336 0 67 1
P 18.1669287883 0.618433932722 0 15 3
P 11.8330712117 29.3815660673 0 15 3
P 11.2838077317 14.8749983343 0 69 4
P 18.7161922683 15.1250016657 0 69 4
P 9.05277736263 18.8651894212 0 52 5
P 20.9472226374 11.1348105788 0 52 5
P 8.21683457134 2.99015337266 0 20 4
P 21.7831654287 27.0098466273 0 20 4
