P 14 14 0 64 1
P 15.9932427671 24.413926828 1 100 5
P 12.0067572329 3.58607317205 2 100 5
P 3.670758903 15.9770337785 0 69 4
P 24.329241097 12.0229662215 0 69 4
P 6.74244227524 16.6775719561 0 38 3
P 21.2575577248 11.3224280439 0 38 3
P 3.83201912655 13.9858147255 0 11 2
P 24.1679808734 14.0141852745 0 11 2
P 6.31995791044 15.1646535722 0 13 2
P 21.6800420896 12.8353464278 0 13 2
P 18.7835081646 24.9295309762 0 20 5
P 9.21649183542 3.07046902378 0 20 5
P 23.3941181543 19.2019531273 0 73 1
P 4.60588184566 8.79804687269 0 73 1
P 12.7036120343 22.6519045967 0 71 5
P 15.2963879657 5.34809540333 0 71 5
