P 15 15 0 82 2
P 24.5445580722 22.3959484123 1 100 5
P 5.45544192775 7.60405158774 2 100 5
P 7.26463942851 24.9825734401 0 68 4
P 22.7353605715 5.01742655993 0 68 4
P 22.0970311649 3.85856805467 0 99 5
P 7.90296883506 26.1414319453 0 99 5
P 19.5089162673 9.22251606415 0 22 5
P 10.4910837327 20.7774839358 0 22 5
P 5.50006046232 16.6594665075 0 80 3
P 24.4999395377 13.3405334925 0 80 3
P 23.4063181743 21.2848200248 0 59 2
P 6.59368182569 8.71517997523 0 59 2
P 12.0630901383 21.2781497003 0 70 2
P 17.9369098617 8.72185029965 0 70 2
P 25.1697722635 24.5205307703 0 39 5
P 4.83022773655 5.47946922966 0 39 5
P 16.0433186265 12.0303961042 0 91 4
P 13.9566813735 17.9696038958 0 91 4
