P 15 15 0 22 2
P 7.25222004245 21.2067259381 1 100 5
P 22.7477799575 8.79327406195 2 100 5
P 7.96308589027 6.21590631736 0 87 1
P 22.0369141097 23.7840936826 0 87 1
P 9.56974891008 8.22148408374 0 56 1
P 20.4302510899 21.7785159163 0 56 1
P 19.7515557562 26.3186028098 0 20 5
P 10.2484442438 3.6813971902 0 20 5
P 13.4071618348 24.2240566918 0 68 4
P 16.5928381652 5.77594330824 0 68 4
P 11.7494794543 20.3832994769 0 12 4
P 18.2505205457 9.61670052312 0 12 4
P 23.4772555157 17.2409863311 0 25 2
P 6.52274448431 12.7590136689 0 25 2
P 13.3789472673 17.8497268782 0 42 2
P 16.6210527327 12.1502731218 0 42 2
P 24.7427515911 15.9477933218 0 87 2
P 5.25724840888 14.0522066782 0 87 2
P 18.3412022569 13.6482840266 0 15 2
P 11.6587977431 16.3517159734 0 15 2
P 14.715677498 21.1713702803 0 33 2
P 15.284322502 8.8286297197 0 33 2
