P 15 15 0 88 3
P 12.5935071097 29.313318688 1 100 5
P 17.4064928903 0.686681311968 2 100 5
P 0.918494686222 12.6324818052 0 90 5
P 29.0815053138 17.3675181948 0 90 5
P 7.26829580556 13.7000714803 0 65 1
P 22.7317041944 16.2999285197 0 65 1
P 25.1892975923 9.58299755608 0 63 4
P 4.81070240772 20.4170024439 0 63 4
P 5.42210723956 7.05706736112 0 39 2
P 24.5778927604 22.9429326389 0 39 2
P 22.8458241013 21.4643167867 0 32 3
P 7.15417589874 8.53568321328 0 32 3
P 5.11085389086 10.7807453986 0 98 4
P 24.8891461091 19.2192546014 0 98 4
P 10.8311807561 8.7092313365 0 46 4
P 19.1688192439 21.2907686635 0 46 4
P 23.1388481569 17.5649630207 0 78 2
P 6.86115184312 12.4350369793 0 78 2
P 13.3380739682 9.37033025474 0 62 3
P 16.6619260318 20.6296697453 0 62 3
P 4.52691293903 14.9893817732 0 27 2
P 25.473087061 15.0106182268 0 27 2
P 8.99864199273 27.10661044 0 27 3
P 21.0013580073 2.89338955996 0 27 3
