P 15 15 0 39 1
P 16.2420776302 25.6405153413 1 100 5
P 9.2963343335 24.0681597655 2 100 5
P 12.4558981138 26.2383476702 0 98 4
P 13.5941720588 21.2101220291 0 4 4
P 26.2110803265 16.8513467502 0 28 2
P 4.08461888606 11.8424278292 0 28 2
P 27.9236347134 8.51737161607 0 73 5
P 6.12833206291 3.58341938301 0 73 5
P 17.6677084302 18.5580890029 0 35 2
P 11.059976545 17.0622513899 0 35 2
P 5.8412347309 14.5734532409 0 52 5
P 23.4495230397 18.5595623037 0 52 5
P 1.44620122806 19.0679819586 0 92 2
P 25.4803396959 24.5087548199 0 92 2
P 2.46713988867 19.1794686558 0 77 4
P 24.5109236959 24.1696712736 0 77 4
P 22.0479643693 14.8529268741 0 85 2
P 8.70253011797 11.8318293385 0 85 2
P 25.4839847433 21.7947269736 0 88 1
P 2.61179653306 16.6169927662 0 88 1
