P 15 15 0 11 4
P 23.1029351737 22.496333672 1 100 5
P 4.04879387659 16.3869612086 2 100 5
P 14.4622134814 16.6772688808 0 36 4
P 8.73416036434 5.52457239063 0 62 2
P 25.6074372021 10.9346893448 0 62 2
P 22.8774901247 18.8334104108 0 81 3
P 6.36214102634 13.5380566381 0 81 3
P 2.03320348834 17.7095687544 0 17 3
P 23.97365681 24.7443859769 0 17 3
P 17.4489345589 14.3634573709 0 30 3
P 13.3777916908 13.0581176158 0 30 3
P 8.56589464579 19.5752386768 0 93 2
P 17.574080135 22.4635535851 0 93 2
P 26.056310506 9.61726425773 0 89 5
P 9.13503911915 4.19175870261 0 89 5
P 17.4122825172 28.5269470247 0 23 3
P 5.17175428436 24.6022387444 0 23 3
P 27.5823728055 8.19818296216 0 60 2
P 8.71867460067 2.14987269867 0 60 2
P 12.738105709 8.63011111715 0 93 1
P 20.5441747691 11.1329887131 0 93 1
P 16.5110073129 26.5522274549 0 76 4
P 7.05326287774 23.519769444 0 76 4
P 15.3317644528 17.856515497 0 68 1
P 13.069069908 17.1310226223 0 68 1
