P 15 15 0 32 0
P 19.8804659032 25.4576033015 1 100 5
P 12.9042229697 26.3484859291 2 100 5
P 13.6081316137 4.10068319475 0 52 3
P 14.2052906739 8.77686223896 0 51 1
P 13.3987120385 2.46077936705 0 62 4
P 13.1477759565 0.495771839795 0 41 2
P 13.8042311031 5.63628130274 0 2 4
P 17.5497241047 23.6737377727 0 19 3
P 14.7118687506 24.0361385748 0 19 3
P 15.4071236715 12.2631821659 0 47 2
P 13.918162006 12.453326072 0 47 2
P 11.1213881035 4.58680330699 0 3 3
P 16.1372346107 3.946267913 0 3 3
P 4.93946513749 10.6548936796 0 85 2
P 23.6457147999 8.266061609 0 85 2
P 3.83052476901 14.5599907918 0 85 1
P 25.7004425828 11.7671508587 0 85 1
