P 15 15 0 80 4
P 1.42121738852 19.2854886126 1 100 5
P 28.5787826115 10.7145113874 2 100 5
P 13.3968831073 9.92044484185 0 98 5
P 16.6031168927 20.0795551582 0 98 5
P 11.7833669348 4.8079390518 0 17 3
P 18.2166330652 25.1920609482 0 17 3
P 15.7463697491 12.9220034115 0 51 1
P 14.2536302509 17.0779965885 0 51 1
P 14.1582140072 24.7078330523 0 88 5
P 15.8417859928 5.2921669477 0 88 5
P 6.76340447409 20.7756300766 0 48 4
P 23.2365955259 9.22436992345 0 48 4
P 11.3236174635 22.8611475607 0 100 3
P 18.6763825365 7.13885243932 0 100 3
P 7.50392628151 23.3448986147 0 85 4
P 22.4960737185 6.65510138527 0 85 4
