P 15 15 0 90 5
P 17.9836362191 17.7887845668 1 100 5
P 12.0163637809 12.2112154332 2 100 5
P 11.3715468422 18.8819722361 0 29 4
P 18.6284531578 11.1180277639 0 29 4
P 7.32835218149 23.2076638559 0 33 1
P 22.6716478185 6.79233614406 0 33 1
P 20.3405164898 28.4824229346 0 40 5
P 9.65948351025 1.51757706535 0 40 5
P 10.7623106185 20.477395708 0 28 3
P 19.2376893815 9.522604292 0 28 3
P 19.5100330953 3.42311343318 0 28 2
P 10.4899669047 26.5768865668 0 28 2
P 16.5950202968 13.2272367272 0 54 4
P 13.4049797032 16.7727632728 0 54 4
P 8.75673316448 18.3407494278 0 32 2
P 21.2432668355 11.6592505722 0 32 2
P 5.68779591199 13.1613394561 0 83 3
P 24.312204088 16.8386605439 0 83 3
