P 15 15 0 56 3
P 15.9371672741 0.929617000784 1 100 5
P 14.0628327259 29.0703829992 2 100 5
P 15.1050915175 25.0353105738 0 68 5
P 14.8949084825 4.96468942621 0 68 5
P 11.1723208781 16.62825156 0 9 3
P 18.8276791219 13.37174844 0 9 3
P 12.2739227687 12.2298657615 0 100 3
P 17.7260772313 17.7701342385 0 100 3
P 20.1736561193 26.0807125047 0 6 5
P 9.82634388074 3.91928749528 0 6 5
P 22.8489078201 24.2295472609 0 39 5
P 7.1510921799 5.77045273913 0 39 5
P 8.41544171053 6.02493194235 0 55 4
P 21.5845582895 23.9750680577 0 55 4
P 10.5308512742 12.1795286437 0 67 3
P 19.4691487258 17.8204713563 0 67 3
P 8.98196792391 15.9017349937 0 17 2
P 21.0180320761 14.0982650063 0 17 2
P 24.2479308959 5.41286276685 0 46 1
P 5.75206910413 24.5871372331 0 46 1
P 14.7026500789 20.8740935097 0 49 4
P 15.2973499211 9.12590649034 0 49 4
P 19.2512760908 2.68691184131 0 1 3
P 10.7487239092 27.3130881587 0 1 3
