P 15 15 0 72 2
P 22.1546948005 13.3771267902 1 100 5
P 16.2410906371 22.2307032282 2 100 5
P 24.8708159221 21.5930529365 0 52 2
P 20.9403747013 18.9677778593 0 92 1
P 23.8679965488 20.9232358448 0 45 5
P 18.5072169774 6.40055205979 0 27 1
P 8.39951028134 21.5333461011 0 27 1
P 0.867441887438 12.0265089153 0 45 2
P 6.84052392615 3.08388493527 0 45 2
P 18.7855905875 8.93688772813 0 6 1
P 10.8490663089 20.8190872144 0 6 1
P 21.4796956155 21.0474524223 0 70 2
P 23.0680318221 18.6694684339 0 70 2
P 8.31581158762 8.29142830959 0 26 5
P 6.24293933271 11.3948374063 0 26 5
P 29.3619075249 18.0048317366 0 1 4
P 23.2762669162 27.1159732358 0 1 4
P 19.0333282753 20.5582549853 0 95 5
P 21.6791867043 16.5969973161 0 95 5
P 7.6910590581 23.7187472085 0 27 3
P 20.2546472105 4.90912029249 0 27 3
