P 15 15 0 74 3
P 17.537993897 14.5342836952 1 100 5
P 12.462006103 15.4657163048 2 100 5
P 8.62256242224 17.1179087824 0 28 4
P 21.3774375778 12.8820912176 0 28 4
P 25.8244876744 6.89986169306 0 20 3
P 4.17551232555 23.1001383069 0 20 3
P 4.63944937771 10.8378457223 0 47 5
P 25.3605506223 19.1621542777 0 47 5
P 13.4017949923 13.429921898 0 97 2
P 16.5982050077 16.570078102 0 97 2
P 6.15899149496 13.9287379148 0 39 2
P 23.841008505 16.0712620852 0 39 2
P 17.0669000437 8.32542827621 0 85 1
P 12.9330999563 21.6745717238 0 85 1
P 16.4688896013 21.4703993345 0 77 4
P 13.5311103987 8.52960066549 0 77 4
P 20.5054029809 20.5915616252 0 33 3
P 9.4945970191 9.40843837479 0 33 3
P 26.2059563538 13.3388881133 0 89 1
P 3.79404364616 16.6611118867 0 89 1
P 23.2789824359 20.7416750654 0 27 2
P 6.72101756408 9.25832493463 0 27 2
P 15.1501370837 2.13651937631 0 7 4
P 14.8498629163 27.8634806237 0 7 4
