P 15 15 0 51 0
P 20.2067185077 13.3727568481 1 100 5
P 9.79328149229 16.6272431519 2 100 5
P 8.60223610536 16.846966079 0 6 5
P 21.3977638946 13.153033921 0 6 5
P 10.4481296493 27.1660351598 0 64 1
P 19.5518703507 2.83396484016 0 64 1
P 14.7417978858 6.72962341518 0 41 1
P 15.2582021142 23.2703765848 0 41 1
P 15.836344733 25.8809144404 0 79 3
P 14.163655267 4.11908555957 0 79 3
P 18.0101822906 5.56966874603 0 38 5
P 11.9898177094 24.430331254 0 38 5
P 16.4520861325 24.5145987283 0 96 1
P 13.5479138675 5.48540127171 0 96 1
