P 15 15 0 66 3
P 11.7377472972 7.36255318452 1 100 5
P 18.2622527028 22.6374468155 2 100 5
P 2.60397580911 20.294827499 0 15 2
P 27.3960241909 9.70517250104 0 15 2
P 16.051476802 10.3651846983 0 61 2
P 13.948523198 19.6348153017 0 61 2
P 8.68318079254 15.609160175 0 71 1
P 21.3168192075 14.390839825 0 71 1
P 20.5235282116 18.8694755883 0 9 2
P 9.4764717884 11.1305244117 0 9 2
P 13.6229269543 5.45735246093 0 100 3
P 16.3770730457 24.5426475391 0 100 3
P 5.12608275114 24.710962914 0 86 1
P 24.8739172489 5.28903708596 0 86 1
P 17.9614902198 29.5900489925 0 26 5
P 12.0385097802 0.409951007488 0 26 5
P 7.83994373899 2.50171665746 0 57 3
P 22.160056261 27.4982833425 0 57 3
