P 15 15 0 79 3
P 8.72878899297 25.6268554269 1 100 5
P 23.8040633106 23.6456123544 2 100 5
P 16.7489702614 28.3079109928 0 88 4
P 16.9254395907 29.650665743 0 62 5
P 23.1012233099 5.43087464416 0 64 5
P 4.70136773871 7.84904532668 0 64 5
P 24.1700803274 12.5052033157 0 26 5
P 5.4966990482 14.9593216634 0 26 5
P 19.4678358092 11.7275189609 0 59 4
P 9.83832518454 12.9930615185 0 59 4
P 25.5920601304 22.9815712305 0 99 3
P 6.8299308705 25.4473531352 0 99 3
P 16.7196943948 0.956454918932 0 5 3
P 9.71007688344 1.87768234357 0 5 3
P 25.0113763888 10.0215019944 0 85 2
P 4.04222308211 12.7773383958 0 85 2
P 12.5845604322 10.6489003877 0 66 2
P 16.2091628958 10.1725429849 0 66 2
P 13.8782883336 27.8589638092 0 5 4
P 19.4061697961 27.1324711018 0 5 4
