P 15 15 0 75 1
P 10.5592008846 9.72911886975 1 100 5
P 13.6908151912 21.7667510527 2 100 5
P 22.6318847144 13.014549789 0 36 1
P 26.6003213851 11.98215298 0 87 2
P 28.6449913466 11.450227963 0 89 3
P 20.6009763392 13.5428947015 0 98 5
P 12.6851635114 2.2609519424 0 57 4
P 19.1866584603 27.252089794 0 57 4
P 26.5968067985 22.647926832 0 87 1
P 21.3995807772 2.67027662009 0 87 1
P 8.69875604731 10.6084260403 0 84 5
P 11.6377275336 21.9055572589 0 84 5
P 9.05537036304 18.762642156 0 17 1
P 7.97539802896 14.6113296211 0 17 1
P 5.15245153232 9.53883772264 0 51 3
P 9.06225062662 24.5677393684 0 51 3
P 15.0194449526 21.7342267905 0 53 2
P 11.7352395169 9.11004859442 0 53 2
P 6.62608069864 19.0025760345 0 60 1
P 5.73716350724 15.5856615797 0 60 1
P 28.17040267 17.5109365409 0 61 3
P 25.2770503765 6.38916122769 0 61 3
P 0.723041594167 16.5124921252 0 26 2
P 1.79597341393 20.6367415823 0 26 2
