P 15 15 0 14 4
P 11.0675226616 22.1856335103 1 100 5
P 7.21545663188 17.5492335145 2 100 5
P 18.2651657248 25.3106692236 0 31 5
P 5.46219456137 9.90083590544 0 31 5
P 19.7344990943 27.9091046126 0 5 2
P 3.17698721529 7.98025411677 0 5 2
P 11.7177041581 15.1770556717 0 13 5
P 14.2245088943 18.1942805527 0 13 5
P 10.506055054 3.36384812136 0 74 2
P 25.6156904183 21.5500144017 0 74 2
P 15.3804630575 28.9599177431 0 74 4
P 1.34615133658 12.0680258852 0 74 4
P 11.7966512883 20.4448228098 0 84 2
P 9.0603960015 17.1514280698 0 84 2
P 16.5341712181 3.47531413387 0 27 5
P 26.6106765771 15.6035354685 0 27 5
P 4.04412152896 23.1920043819 0 30 5
P 4.9391880851 24.2693188789 0 30 5
P 21.227354182 15.2191950971 0 49 4
P 15.9255885104 8.83791654491 0 49 4
P 29.2042442534 13.4811504235 0 58 4
P 19.0958559559 1.31455434292 0 58 4
P 27.4341714129 14.3421602854 0 10 4
P 17.9250836119 2.8968905781 0 10 4
P 19.2719455122 6.72814928672 0 68 4
P 23.9145725009 12.3160793961 0 68 4
P 13.1870850657 2.62821989782 0 92 2
P 26.8301236576 19.0491700015 0 92 2
