P 15 15 0 16 0
P 2.44247521267 12.7679140909 1 100 5
P 27.5575247873 17.2320859091 2 100 5
P 13.0213232179 26.1318666709 0 56 2
P 16.9786767821 3.86813332908 0 56 2
P 12.7129465015 27.8667677531 0 21 2
P 17.2870534985 2.13323224689 0 21 2
P 18.5794237137 25.9418823812 0 31 1
P 11.4205762863 4.05811761882 0 31 1
P 7.63403726711 9.33122546951 0 25 5
P 22.3659627329 20.6687745305 0 25 5
P 18.2297557429 29.4712876351 0 67 3
P 11.7702442571 0.528712364905 0 67 3
P 19.4705047147 6.10077049604 0 78 2
P 10.5294952853 23.899229504 0 78 2
P 27.2749878426 16.2607252635 0 99 2
P 2.72501215739 13.7392747365 0 99 2
P 22.035935428 23.1805384089 0 42 3
P 7.96406457203 6.81946159111 0 42 3
P 5.24873749559 17.0278552888 0 52 2
P 24.7512625044 12.9721447112 0 52 2
P 27.2373568954 18.5449132215 0 90 5
P 2.76264310459 11.4550867785 0 90 5
P 15.2448215515 12.7398316902 0 3 1
P 14.7551784485 17.2601683098 0 3 1
P 1.2320162215 14.5482880497 0 44 5
P 28.7679837785 15.4517119503 0 44 5
P 11.0738315515 15.2753782725 0 56 4
P 18.9261684485 14.7246217275 0 56 4
