P 15 15 0 83 2
P 13.3312706054 7.16629183171 1 100 5
P 16.6687293946 22.8337081683 2 100 5
P 4.30184925052 17.27891035 0 88 4
P 25.6981507495 12.72108965 0 88 4
P 3.29590967705 10.6879070071 0 10 5
P 26.704090323 19.3120929929 0 10 5
P 9.44586719369 12.8151239778 0 86 2
P 20.5541328063 17.1848760222 0 86 2
P 1.77661888936 12.6340250287 0 60 3
P 28.2233811106 17.3659749713 0 60 3
P 21.827332459 13.1613566324 0 60 3
P 8.17266754103 16.8386433676 0 60 3
P 11.6885374864 13.6171121324 0 76 2
P 18.3114625136 16.3828878676 0 76 2
P 11.0176207603 23.0010756243 0 58 4
P 18.9823792397 6.99892437566 0 58 4
P 7.12095171517 9.01081254503 0 32 5
P 22.8790482848 20.989187455 0 32 5
P 0.916165782521 18.5574907717 0 83 2
P 29.0838342175 11.4425092283 0 83 2
P 6.62416207524 26.1735488024 0 61 1
P 23.3758379248 3.82645119763 0 61 1
