P 15 15 0 85 0
P 22.8123770197 19.82816857 1 100 5
P 24.040134677 13.3812314988 2 100 5
P 26.9253346271 17.2710662043 0 81 2
P 28.5828318219 17.5867207315 0 96 4
P 22.0824222265 8.08533143024 0 9 5
P 19.0451856283 24.0338153211 0 9 5
P 20.4247106707 12.6938151009 0 21 4
P 19.197359749 19.1386164098 0 21 4
P 6.12204238717 6.06461168358 0 53 3
P 3.45925999205 20.0468421621 0 53 3
P 4.47668639151 21.6909207487 0 47 4
P 7.6725347783 4.90956873109 0 47 4
P 9.19498087347 13.2656171647 0 54 3
P 8.96383838032 14.4793429347 0 54 3
P 3.0517235061 6.15934434918 0 4 5
P 0.638671850027 18.830242457 0 4 5
