P 15 15 0 8 4
P 18.9249332617 6.13779154055 1 100 5
P 11.0750667383 23.8622084594 2 100 5
P 5.12983006795 10.6286563962 0 68 1
P 24.870169932 19.3713436038 0 68 1
P 17.4364724513 12.7982475741 0 99 2
P 12.5635275487 17.2017524259 0 99 2
P 2.15493404946 17.6268075301 0 76 3
P 27.8450659505 12.3731924699 0 76 3
P 14.9458857667 3.0811862604 0 63 5
P 15.0541142333 26.9188137396 0 63 5
P 11.1662944434 5.4374945997 0 71 2
P 18.8337055566 24.5625054003 0 71 2
P 28.3820065807 10.1925181556 0 17 1
P 1.61799341928 19.8074818444 0 17 1
P 17.8850195648 7.51382279219 0 76 2
P 12.1149804352 22.4861772078 0 76 2
P 9.5212940486 12.9102790463 0 93 4
P 20.4787059514 17.0897209537 0 93 4
P 6.58322298451 17.8332521219 0 87 1
P 23.4167770155 12.1667478781 0 87 1
P 15.6690958518 0.335748088585 0 16 5
P 14.3309041482 29.6642519114 0 16 5
P 25.6458237719 22.6230151728 0 23 1
P 4.35417622811 7.37698482717 0 23 1
