P 15 15 0 41 4
P 17.8732174782 7.55003857069 1 100 5
P 9.338630544 20.6308258593 2 100 5
P 6.41047558095 9.39574688737 0 82 4
P 5.01827514669 8.4874028119 0 39 1
P 7.63882807843 10.1971880349 0 100 3
P 8.99113104483 11.0795009243 0 11 4
P 17.6172178598 23.4746942821 0 79 4
P 23.8109727547 13.9816525071 0 79 4
P 22.9468600448 5.9076602577 0 26 4
P 9.87919437957 25.9362048425 0 26 4
P 13.6829830196 23.81104256 0 68 4
P 22.5340130079 10.2452494579 0 68 4
P 10.0221053078 6.92112544621 0 44 1
P 5.60037016094 13.6982287025 0 44 1
P 20.563310611 3.71233732757 0 8 2
P 6.90971125775 24.638930523 0 8 2
P 0.715937282892 18.2814434849 0 64 1
P 12.2494389658 0.604280738787 0 64 1
