P 15 15 0 3 4
P 5.73086191669 14.7901706704 1 100 5
P 9.06554903778 22.123429015 2 100 5
P 11.1631225971 16.7447613407 0 51 5
P 18.8364530998 5.47362818761 0 19 4
P 24.7010604156 18.3703945032 0 19 4
P 26.8994714035 13.258688639 0 88 2
P 24.1338033459 7.17675122613 0 88 2
P 28.3411408568 10.6314811036 0 58 3
P 27.0613543359 7.8171225618 0 58 3
P 24.0438414586 16.4078429151 0 10 1
P 19.8835039419 7.25890968583 0 10 1
P 11.7154867547 26.707356572 0 21 4
P 4.01807102931 9.78008991989 0 21 4
P 26.9185856262 20.6589421814 0 65 3
P 18.569307534 2.29817518342 0 65 3
P 8.74156613026 9.73125658035 0 82 3
P 14.8570323891 23.1796828781 0 82 3
P 19.6711016368 27.721869443 0 88 4
P 8.48271161316 3.11765575699 0 88 4
P 11.4088280365 1.97294130551 0 91 4
P 22.4571239155 26.2690761471 0 91 4
P 14.8079288606 9.28318952642 0 52 5
P 19.1821169246 18.9023981527 0 52 5
P 10.7326628778 8.14216740906 0 65 2
P 17.3633627248 22.7236358401 0 65 2
P 8.61591636524 18.6074685279 0 59 3
P 8.08505569089 17.4400611135 0 59 3
P 7.70759146159 6.42391336429 0 45 3
P 16.6699189909 26.1328278006 0 45 3
