P 15 15 0 97 4
P 19.216652876 11.8218993896 1 100 5
P 11.775806488 19.181514219 2 100 5
P 20.1286248633 20.1852319278 0 87 4
P 19.3564539307 19.4045381785 0 23 5
P 16.69070853 16.7093696817 0 10 5
P 25.9372533153 12.9793199341 0 50 1
P 12.8593881974 25.9144142822 0 50 1
P 2.16476901463 18.1562669044 0 46 4
P 18.2969635035 2.20018723277 0 46 4
P 13.670672211 27.2505295158 0 98 2
P 27.264382944 13.805221028 0 98 2
P 13.082198031 13.8700624299 0 40 4
P 13.89118138 13.0699107346 0 40 4
P 18.9408544917 8.0842072343 0 15 5
P 8.04136682624 18.8647054294 0 15 5
P 22.8341552481 26.1243018911 0 76 5
P 26.0376396016 22.9557899068 0 76 5
P 3.80161545157 16.1234646957 0 22 2
P 16.2463168084 3.81462187361 0 22 2
