P 15 15 0 45 5
P 16.4561869694 4.89188174444 1 100 5
P 24.81171288 17.8328122986 2 100 5
P 21.971157155 10.4989570501 0 67 3
P 25.4446986057 8.25620754523 0 11 1
P 8.76205795587 7.94703203811 0 6 2
P 18.8607889896 23.5878161599 0 6 2
P 25.8848838496 13.8898633458 0 22 5
P 20.4914058305 5.53651428838 0 22 5
P 15.3793263741 11.3341780979 0 54 3
P 18.4970988523 16.162943822 0 54 3
P 14.5572558451 1.35682450828 0 99 1
P 27.2520245506 21.0183182282 0 99 1
P 10.0026326664 5.24920145093 0 95 2
P 21.8301156612 23.5674542698 0 95 2
P 19.6312996005 19.0192127351 0 53 2
P 13.2429322412 9.12499192424 0 53 2
