P 14 14 0 30 5
P 21.0777902102 23.1016697947 1 100 5
P 6.92220978978 4.8983302053 2 100 5
P 7.80661224119 18.8162040852 0 60 2
P 20.1933877588 9.18379591479 0 60 2
P 16.6497107162 2.73245460943 0 79 4
P 11.3502892838 25.2675453906 0 79 4
P 9.25276157316 6.2915624331 0 85 5
P 18.7472384268 21.7084375669 0 85 5
P 9.21458949516 8.99420250539 0 28 1
P 18.7854105048 19.0057974946 0 28 1
P 4.00709854925 19.2010657632 0 10 3
P 23.9929014507 8.79893423683 0 10 3
P 5.36372796645 6.22136940692 0 67 2
P 22.6362720336 21.7786305931 0 67 2
P 5.98917277175 7.61931434832 0 52 1
P 22.0108272282 20.3806856517 0 52 1
P 6.78064418743 8.66629979592 0 91 5
P 21.2193558126 19.3337002041 0 91 5
P 5.55440278842 20.0095905322 0 9 3
P 22.4455972116 7.99040946778 0 9 3
