P 15 15 0 75 5
P 0.22473991928 12.5913879141 1 100 5
P 29.7752600807 17.4086120859 2 100 5
P 12.7164466154 29.0081067282 0 85 4
P 17.2835533846 0.991893271761 0 85 4
P 13.3243360541 25.2791025394 0 69 2
P 16.6756639459 4.72089746055 0 69 2
P 13.3609375121 8.19055644528 0 22 2
P 16.6390624879 21.8094435547 0 22 2
P 18.0425181538 19.1334999223 0 84 5
P 11.9574818462 10.8665000777 0 84 5
P 28.122440695 12.7562548472 0 99 5
P 1.87755930502 17.2437451528 0 99 5
P 9.65592511174 21.8142342746 0 71 4
P 20.3440748883 8.18576572539 0 71 4
P 12.5357340484 4.03467567113 0 14 5
P 17.4642659516 25.9653243289 0 14 5
P 3.03667957766 9.9326791328 0 1 4
P 26.9633204223 20.0673208672 0 1 4
P 16.6293910256 2.24369283147 0 45 5
P 13.3706089744 27.7563071685 0 45 5
P 20.8975723388 4.77323749131 0 10 3
P 9.10242766125 25.2267625087 0 10 3
