P 15 15 0 81 0
P 22.4398853296 12.3819774912 1 100 5
P 7.56011467044 17.6180225088 2 100 5
P 28.2246317323 14.9063456212 0 72 1
P 1.77536826766 15.0936543788 0 72 1
P 9.03902671293 7.80537351331 0 34 2
P 20.9609732871 22.1946264867 0 34 2
P 26.7171990324 13.0401929496 0 86 3
P 3.28280096757 16.9598070504 0 86 3
P 16.9881386023 23.389013596 0 71 1
P 13.0118613977 6.61098640395 0 71 1
P 5.93305428341 7.62419100057 0 77 4
P 24.0669457166 22.3758089994 0 77 4
P 4.71333361417 22.0987893695 0 37 3
P 25.2866663858 7.90121063055 0 37 3
P 26.0613350483 6.55867418985 0 63 3
P 3.93866495171 23.4413258102 0 63 3
P 20.0943322393 22.7496962501 0 69 1
P 9.90566776069 7.25030374985 0 69 1
