P 15 15 0 12 4
P 6.17539351073 12.5577602132 1 100 5
P 9.49305461995 7.68482621887 2 100 5
P 22.3715988233 20.0188380876 0 95 1
P 25.4244411103 22.097318145 0 4 4
P 20.7418041216 18.9092177841 0 2 1
P 27.0759269568 23.2217065262 0 30 2
P 23.4967138958 20.7848551368 0 99 5
P 9.87008354927 13.5630201439 0 18 1
P 11.7826480222 10.7538723348 0 18 1
P 13.8537513159 7.91942192937 0 3 2
P 7.99209062997 16.5289467359 0 3 2
P 23.7790325392 8.93091779862 0 58 5
P 12.5713328966 25.3926294648 0 58 5
P 11.0469847727 13.741107874 0 61 4
P 12.3797379185 11.7835787906 0 61 4
P 10.750217794 20.4355765183 0 90 1
P 18.4994693981 9.05358470874 0 90 1
P 21.3570118113 14.1947401429 0 59 3
P 16.5809756943 21.2097148453 0 59 3
P 8.32439672534 27.4991910399 0 74 5
P 24.1822401412 4.20741357586 0 74 5
P 13.9080025173 3.4858377549 0 68 2
P 3.88698385892 18.204569075 0 68 2
P 4.75458055994 20.7773229058 0 31 4
P 16.6197054611 3.34999426265 0 31 4
P 3.43163437395 15.9947332972 0 96 3
P 11.685068177 3.87220576219 0 96 3
