P 15 15 0 74 2
P 26.0704466608 22.3552483467 1 100 5
P 4.00030409912 22.4606405622 2 100 5
P 14.9403050621 2.49930643695 0 5 4
P 14.9324206603 0.848236952892 0 92 2
P 14.9834500116 11.5342734062 0 6 5
P 26.8711195367 21.6565699639 0 100 2
P 3.19299505144 21.7696408238 0 100 2
P 22.0528681334 26.4331358247 0 10 2
P 8.0566450281 26.4999724099 0 10 2
P 10.9101326712 10.257781523 0 60 1
P 19.0443905199 10.2189377568 0 60 1
P 20.7300008619 6.96000296289 0 67 2
P 9.19347493517 7.01509368211 0 67 2
P 3.70059066275 9.00438735517 0 87 5
P 26.2416332576 8.89674643654 0 87 5
P 16.1097460908 23.0698479346 0 68 4
P 13.9673751384 23.080078463 0 68 4
P 17.8393889153 7.18262787877 0 31 3
P 12.0860812174 7.21010182205 0 31 3
P 16.9119630933 28.7266863511 0 87 2
P 13.2192200315 28.7443204181 0 87 2
P 9.71099348138 23.0447670969 0 41 5
P 20.36559639 22.9938878512 0 41 5
