P 15 15 0 16 5
P 22.4474358805 6.87863089702 1 100 5
P 4.87131806895 19.3394400147 2 100 5
P 8.79562740651 6.2486594875 0 5 1
P 6.67850449601 3.26243272283 0 36 1
P 7.27670962203 4.10620808856 0 24 5
P 12.6829859759 11.7318244686 0 48 5
P 8.04741380175 10.9269540932 0 21 2
P 13.4578674164 7.09114515892 0 21 2
P 15.7313510539 8.46187236933 0 83 3
P 8.58834687399 13.5259947522 0 83 3
P 15.5971964805 6.48060866326 0 61 2
P 6.76317193564 12.7436011383 0 61 2
P 25.6581781943 24.6367649728 0 49 1
P 20.5656694343 28.2471629155 0 49 1
P 21.2534601239 10.81397651 0 36 1
P 8.98003690867 19.5153738006 0 36 1
P 3.77336515662 21.7121066041 0 37 1
P 25.049779862 6.62792560378 0 37 1
P 5.76142509681 22.7930419274 0 78 5
P 25.4117322306 8.86171028046 0 78 5
P 8.30598052273 4.08902181488 0 98 2
P 6.91980189907 5.07177053207 0 98 2
P 6.96894306028 25.8242797823 0 93 2
P 27.872409589 11.0045050684 0 93 2
