P 15 15 0 7 4
P 19.4517380262 22.9169058104 1 100 5
P 10.5482619738 7.08309418961 2 100 5
P 4.29056502088 21.0219990079 0 60 2
P 25.7094349791 8.97800099209 0 60 2
P 2.95348215693 21.7738511547 0 96 2
P 27.0465178431 8.22614884527 0 96 2
P 11.6429508822 4.34354495612 0 27 1
P 18.3570491178 25.6564550439 0 27 1
P 4.98286233531 13.067416579 0 93 2
P 25.0171376647 16.932583421 0 93 2
P 6.45383924756 23.343785107 0 10 3
P 23.5461607524 6.65621489297 0 10 3
P 7.06512987805 14.9994824828 0 38 5
P 22.9348701219 15.0005175172 0 38 5
