P 15 15 0 3 2
P 9.81163136221 28.5151467052 1 100 5
P 29.1817681706 17.9078877455 2 100 5
P 8.57489872211 3.26698855631 0 17 5
P 10.0218458691 5.90928891863 0 71 5
P 12.2004430889 9.88767073791 0 46 2
P 9.20186738996 4.41190911655 0 91 3
P 2.65058005973 12.2354670318 0 47 3
P 19.3222339783 3.10592127022 0 47 3
P 12.4257942852 2.92909824092 0 65 3
P 6.21608060165 6.32959260804 0 65 3
P 20.8019031785 1.91200983054 0 94 5
P 0.847679922708 12.8391197167 0 94 5
P 14.537824705 19.4354264398 0 24 3
P 18.9860264538 16.9995516537 0 24 3
P 26.9818659174 23.3030033115 0 34 2
P 15.5422047668 29.5674633634 0 34 2
P 16.7991995317 13.0041929669 0 5 1
P 12.3493561162 15.4409667443 0 5 1
P 10.4273630482 3.83365459308 0 60 4
P 8.05459275428 5.13300468073 0 60 4
P 21.3813495095 14.7923639258 0 88 2
P 11.3880033309 20.2648090529 0 88 2
P 12.8755079868 8.59473235675 0 18 4
P 10.7474742599 9.76006252658 0 18 4
