P 15 15 0 21 1
P 4.39074080718 13.2157222708 1 100 5
P 25.7582124684 14.9701316316 2 100 5
P 15.9549748452 3.36907827993 0 10 1
P 16.1730282246 0.71334153531 0 22 2
P 15.1430439669 13.2578251255 0 79 4
P 15.6779342951 6.74323726219 0 47 5
P 25.5598116195 23.7384072423 0 10 4
P 3.15626066586 21.8989289862 0 10 4
P 10.4835384573 12.8460471465 0 68 2
P 19.807312726 13.6115900762 0 68 2
P 1.35060414197 14.7421440906 0 96 2
P 28.5086535819 16.9719978102 0 96 2
P 25.6510408557 5.22968162146 0 15 1
P 6.08527571559 3.6232041655 0 15 1
P 9.77975977023 3.72270598124 0 73 1
P 21.9898057728 4.72523072274 0 73 1
P 26.6896858466 21.1131449657 0 74 1
P 2.46973412997 19.1245283111 0 74 1
P 2.1269573041 22.11825102 0 39 2
P 26.5395554681 24.1226852095 0 39 2
P 6.89437489117 6.0760184971 0 13 5
P 24.4526906303 7.51767121027 0 13 5
P 24.4776437924 4.2357473293 0 51 2
P 7.40508191491 2.83397818941 0 51 2
