P 15 15 0 85 1
P 23.0298549119 25.3339117702 1 100 5
P 6.97014508812 4.66608822978 2 100 5
P 6.98119134958 21.2309289513 0 54 5
P 23.0188086504 8.76907104872 0 54 5
P 19.4706943588 27.6381501073 0 52 1
P 10.5293056412 2.36184989275 0 52 1
P 6.26161659378 12.054887927 0 5 2
P 23.7383834062 17.945112073 0 5 2
P 22.8215319075 3.38417243975 0 42 2
P 7.17846809247 26.6158275603 0 42 2
P 4.32894958341 24.399079023 0 15 5
P 25.6710504166 5.60092097703 0 15 5
P 17.9479071248 6.48068950605 0 20 1
P 12.0520928752 23.5193104939 0 20 1
P 25.9272325969 19.0695829639 0 72 4
P 4.07276740314 10.9304170361 0 72 4
P 14.6006774095 22.4751198563 0 34 1
P 15.3993225905 7.52488014375 0 34 1
P 6.69651128504 15.17938577 0 49 2
P 23.303488715 14.82061423 0 49 2
P 24.9794618353 25.5447378046 0 6 1
P 5.02053816465 4.4552621954 0 6 1
P 8.01246515147 4.14735101369 0 62 2
P 21.9875348485 25.8526489863 0 62 2
P 21.2530088447 20.4339119204 0 9 4
P 8.74699115532 9.56608807956 0 9 4
P 18.1402760678 24.0919843259 0 97 3
P 11.8597239322 5.9080156741 0 97 3
