P 15 15 0 38 1
P 7.81376708259 26.0798758124 1 100 5
P 2.65550579036 10.3075534877 2 100 5
P 3.29516658333 18.828008831 0 67 2
P 4.73359746996 18.3575770068 0 71 4
P 2.20734406979 19.1837758924 0 62 4
P 1.20896172274 19.5102919824 0 46 1
P 13.4169254376 17.7799993038 0 18 4
P 12.0801780853 13.6926510848 0 18 4
P 23.8131480679 19.4322068971 0 31 5
P 19.4910837078 6.21670881872 0 31 5
P 20.1579598668 22.9997156169 0 25 5
P 14.4342479553 5.49842515355 0 25 5
P 6.12644739984 22.0289074761 0 9 4
P 3.68793156802 14.57270169 0 9 4
P 10.7021693457 2.07106678766 0 71 2
P 19.1722867637 27.9699917311 0 71 2
