P 15 15 0 3 0
P 20.2534635426 7.93979352448 1 100 5
P 9.74653645741 22.0602064755 2 100 5
P 10.1924668123 11.4227391339 0 81 2
P 19.8075331877 18.5772608661 0 81 2
P 8.20184194474 9.94152534718 0 12 3
P 21.7981580553 20.0584746528 0 12 3
P 17.6660508245 13.1330269314 0 39 5
P 12.3339491755 16.8669730686 0 39 5
P 26.8778274688 9.53649226469 0 14 5
P 3.12217253122 20.4635077353 0 14 5
P 4.15401507145 17.174095729 0 43 2
P 25.8459849285 12.825904271 0 43 2
P 21.3675472661 11.1862755915 0 3 2
P 8.63245273394 18.8137244085 0 3 2
P 21.0102441583 20.9990650644 0 44 1
P 8.98975584168 9.00093493564 0 44 1
P 22.3435193482 14.912393171 0 92 5
P 7.6564806518 15.087606829 0 92 5
P 13.8943177075 28.7013085955 0 81 4
P 16.1056822925 1.29869140454 0 81 4
P 12.4943749986 7.71905329663 0 18 4
P 17.5056250014 22.2809467034 0 18 4
P 3.26929299226 7.40726690536 0 48 1
P 26.7307070077 22.5927330946 0 48 1
P 8.55628961211 11.269777879 0 24 3
P 21.4437103879 18.730222121 0 24 3
P 7.787858976 19.3882961099 0 94 3
P 22.212141024 10.6117038901 0 94 3
