P 15 15 0 79 2
P 21.4100876881 28.0743956844 1 100 5
P 7.64422357248 2.43331388829 2 100 5
P 4.23905827152 20.7772001497 0 31 1
P 11.3837406527 16.9414522046 0 66 4
P 24.4547133406 11.5673073678 0 78 2
P 23.085078676 9.01614790769 0 78 2
P 10.940161556 19.0522020729 0 49 5
P 9.37934672426 16.144939555 0 49 5
P 3.10212582112 14.5563470561 0 38 4
P 8.79595008912 25.1619881231 0 38 4
P 21.5909630707 4.14762771598 0 72 5
P 27.6870862653 15.5026136551 0 72 5
P 26.626511466 24.4558650199 0 96 3
P 13.5424509061 0.0847493221461 0 96 3
P 15.6658642445 19.3543716466 0 47 4
P 11.7385422432 12.0391182176 0 47 4
P 7.22673734418 17.9982170084 0 54 2
P 8.20609413679 19.8224226969 0 54 2
P 12.9097246067 1.46901450669 0 27 4
P 25.12313349 24.2184048503 0 27 4
P 8.57099226166 17.3615347388 0 3 3
P 9.47949789754 19.0537690313 0 3 3
P 15.9367425472 17.4573819158 0 37 2
P 13.4693464779 12.8614695992 0 37 2
P 8.29148472036 4.00778649115 0 75 5
P 20.4553929881 26.6649741717 0 75 5
