P 15 15 0 68 4
P 18.1909343382 21.7967655007 1 100 5
P 11.8090656618 8.20323449932 2 100 5
P 2.96770420515 20.648902528 0 64 3
P 27.0322957948 9.35109747198 0 64 3
P 6.79576479976 18.8517109081 0 59 5
P 23.2042352002 11.1482890919 0 59 5
P 22.9349058968 20.2787118237 0 27 2
P 7.06509410319 9.72128817635 0 27 2
P 25.9586555674 7.18673549466 0 64 1
P 4.04134443259 22.8132645053 0 64 1
P 23.8226524947 22.2386889054 0 12 4
P 6.1773475053 7.76131109458 0 12 4
P 16.5684593591 12.1851726855 0 96 1
P 13.4315406409 17.8148273145 0 96 1
