P 14 14 0 35 5
P 7.29519938179 8.10358689939 1 100 5
P 5.55053644449 11.1140678443 2 100 5
P 4.87506262764 8.71182833245 0 86 4
P 7.18126819728 10.0483428153 0 68 3
P 8.65805841891 13.0225909439 0 15 3
P 10.4960999981 9.85098167083 0 15 3
P 17.7957679755 17.8574219741 0 79 5
P 19.2340445917 15.3756220494 0 79 5
P 17.8246820125 18.8736959403 0 84 3
P 20.1301936879 14.8954495875 0 84 3
P 20.1921296053 8.49605883802 0 20 2
P 12.3030191324 22.1090130903 0 20 2
P 5.06977939393 15.6989081726 0 31 2
P 11.0342359001 5.40701609708 0 31 2
P 9.20751809479 9.43458042632 0 35 3
P 7.65612343097 12.1115697597 0 35 3
P 5.72882727109 13.7110432574 0 27 5
P 9.63711554158 6.9671461331 0 27 5
