P 14 14 0 14 1
P 7.67293680531 7.92290557549 1 100 5
P 22.6179272584 15.6413820651 2 100 5
P 10.4454987944 10.7989455278 0 23 5
P 18.6677954121 15.0454255328 0 23 5
P 21.0453170696 15.4610244211 0 74 5
P 8.73033856734 9.10084156665 0 74 5
P 7.5552237256 12.0368013315 0 87 4
P 19.3315107532 18.1187720656 0 87 4
P 3.5104755483 10.8364640816 0 49 1
P 22.6516678612 20.7221072551 0 49 1
P 8.33361240496 4.74438561327 0 2 1
P 24.8273148724 13.2627085337 0 2 1
P 10.2003295293 15.9616185991 0 92 5
P 14.5999642451 18.233850035 0 92 5
P 9.15468575247 17.0439114223 0 78 1
P 14.3227301243 19.7129950263 0 78 1
P 18.9895415117 5.59468553117 0 91 4
P 17.9655817683 5.06585219199 0 91 4
P 7.10234098611 5.54525089476 0 83 2
P 24.8870166496 14.7303086849 0 83 2
P 16.9674530736 3.57813410346 0 37 4
P 20.7804432142 5.54738760333 0 37 4
