P 15 15 0 70 5
P 25.5235859245 14.2534521186 1 100 5
P 4.45645647291 15.3699788412 2 100 5
P 4.2080339594 10.2018647121 0 7 2
P 25.224346355 9.08803121845 0 7 2
P 0.421485027555 16.8180161711 0 16 3
P 29.6890114161 15.2668805315 0 16 3
P 11.9799357895 4.5346223569 0 9 1
P 16.8969539834 4.27402766025 0 9 1
P 25.476540491 7.44724640918 0 93 5
P 3.78382140446 8.59692845773 0 93 5
P 21.9146465152 7.97815890147 0 19 2
P 7.38187935181 8.7483740809 0 19 2
P 3.60245732072 7.40883640537 0 61 1
P 25.5313070752 6.24663978043 0 61 1
