P 14 14 0 21 2
P 12.3907500468 7.35729683531 1 100 5
P 15.6092499532 20.6427031647 2 100 5
P 7.05664311589 15.6820858111 0 56 2
P 20.9433568841 12.3179141889 0 56 2
P 24.7772982976 18.811021763 0 73 4
P 3.22270170241 9.18897823701 0 73 4
P 21.6478794693 10.1582672488 0 67 5
P 6.35212053068 17.8417327512 0 67 5
P 10.6370244682 22.7095710585 0 24 5
P 17.3629755318 5.29042894148 0 24 5
P 20.5011489504 19.1949309375 0 4 1
P 7.49885104961 8.80506906247 0 4 1
P 6.88675288783 6.26729390354 0 56 3
P 21.1132471122 21.7327060965 0 56 3
P 13.5354564432 23.166668986 0 47 2
P 14.4645435568 4.833331014 0 47 2
P 6.40971557501 14.6242434405 0 63 4
P 21.590284425 13.3757565595 0 63 4
P 6.15153953354 11.689168542 0 96 4
P 21.8484604665 16.310831458 0 96 4
P 19.3950067984 7.01339959054 0 10 3
P 8.60499320164 20.9866004095 0 10 3
P 9.66150788999 19.6056159394 0 69 1
P 18.33849211 8.39438406056 0 69 1
P 8.49068120295 4.24135660793 0 28 2
P 19.5093187971 23.7586433921 0 28 2
