P 15 15 0 33 3
P 20.4765275073 3.5469200933 1 100 5
P 9.52347249267 26.4530799067 2 100 5
P 6.79949130895 11.0787568247 0 63 2
P 23.2005086911 18.9212431753 0 63 2
P 16.3593658685 20.5912268625 0 74 2
P 13.6406341315 9.40877313748 0 74 2
P 18.5076664846 4.26939573591 0 51 2
P 11.4923335154 25.7306042641 0 51 2
P 1.8661956167 17.6430171596 0 90 5
P 28.1338043833 12.3569828404 0 90 5
P 25.7007197305 11.5225474995 0 69 5
P 4.29928026952 18.4774525005 0 69 5
P 15.5321585508 19.1731918583 0 13 3
P 14.4678414492 10.8268081417 0 13 3
P 18.3004358123 15.0734694385 0 53 5
P 11.6995641877 14.9265305615 0 53 5
P 9.59764558748 4.36391492241 0 17 4
P 20.4023544125 25.6360850776 0 17 4
P 26.5169370212 20.6341180012 0 40 1
P 3.48306297882 9.36588199884 0 40 1
