P 15 15 0 36 5
P 11.1170760651 0.547607355797 1 100 5
P 29.9211580564 13.8564119263 2 100 5
P 22.5710689522 4.30279571055 0 34 3
P 20.614907316 7.06666707109 0 23 5
P 19.0443023153 14.4020331942 0 41 5
P 14.2191693506 10.9869900305 0 41 5
P 15.6710980228 0.676699086449 0 74 2
P 28.2851516994 9.60444016425 0 74 2
P 23.0778340277 23.8209209904 0 75 4
P 3.99502884937 10.3148468893 0 75 4
P 5.67797856676 24.0279013544 0 70 2
P 9.58545995545 26.7934660966 0 70 2
P 20.7773817862 17.1710660374 0 27 2
P 11.031428611 10.2732559649 0 27 2
P 8.84749280457 5.47543640759 0 51 1
P 26.0283848419 17.6354096825 0 51 1
P 26.7604405519 10.8072789363 0 78 3
P 15.0436837307 2.51460999312 0 78 3
P 22.5521574879 10.1540670706 0 78 3
P 17.059025754 6.26624012111 0 78 3
P 26.3156947118 21.6991957644 0 45 2
P 4.91940438848 6.55572603372 0 45 2
