P 14 14 0 41 2
P 8.42983044833 24.4695711448 1 100 5
P 19.5701695517 3.53042885525 2 100 5
P 7.52165872033 10.5533011006 0 66 3
P 20.4783412797 17.4466988994 0 66 3
P 11.1130262475 12.4640313275 0 43 3
P 16.8869737525 15.5359686725 0 43 3
P 25.105862008 14.411980562 0 11 4
P 2.89413799198 13.588019438 0 11 4
P 8.75530884985 22.7148604816 0 49 4
P 19.2446911502 5.28513951837 0 49 4
P 6.80242102486 17.5871759354 0 89 2
P 21.1975789751 10.4128240646 0 89 2
P 8.47736074736 19.8357916036 0 58 2
P 19.5226392526 8.16420839637 0 58 2
P 17.1234755847 5.00774136589 0 62 2
P 10.8765244153 22.9922586341 0 62 2
P 5.88700737753 7.73426547742 0 24 4
P 22.1129926225 20.2657345226 0 24 4
P 12.8198155887 21.8673593453 0 44 4
P 15.1801844113 6.13264065472 0 44 4
P 17.0812693795 20.3392906678 0 31 5
P 10.9187306205 7.66070933216 0 31 5
P 18.5083622872 17.2788227361 0 41 3
P 9.49163771283 10.7211772639 0 41 3
