P 15 15 0 81 5
P 15.7570054948 19.7363137097 1 100 5
P 18.6096979173 11.841550092 2 100 5
P 11.9583703977 13.9009381232 0 78 2
P 7.75642402409 12.3826075993 0 91 2
P 7.08739838978 18.3202148048 0 43 4
P 11.0373584722 7.38878704055 0 43 4
P 22.9629130245 3.81457657112 0 25 1
P 13.9737409957 28.691912707 0 25 1
P 3.75951098915 9.4135500356 0 70 5
P 2.7848209803 12.1109832253 0 70 5
P 21.3336942275 15.6331422916 0 32 2
P 20.275483947 18.5617159985 0 32 2
P 15.8410910799 0.190212419989 0 95 3
P 6.18012134332 26.9267339558 0 95 3
P 26.8729975589 8.01774161191 0 6 1
P 19.6674357973 27.9589755116 0 6 1
P 8.08506735571 24.8841341127 0 19 3
P 16.0003728741 2.9786999561 0 19 3
P 11.4138888178 18.5739278369 0 70 1
P 14.5267146977 9.95925058973 0 70 1
P 13.4107998441 18.9609309669 0 52 2
P 16.3097683847 10.9380992087 0 52 2
P 17.8360964079 2.84542842367 0 23 1
P 9.41159439912 26.1600526826 0 23 1
P 12.8513328385 6.56085036207 0 48 3
P 7.9531565854 20.1164455506 0 48 3
P 28.3323010909 14.8733858763 0 50 2
P 25.1719347368 23.6196303416 0 50 2
