P 15 15 0 82 5
P 8.98370673751 6.91383987461 1 100 5
P 10.3830628957 23.9591105568 2 100 5
P 22.695816056 14.3682008464 0 50 1
P 29.5295265447 13.8071774966 0 62 3
P 20.1928029828 17.8972795183 0 87 4
P 19.6507464588 11.2946000484 0 87 4
P 16.3749745228 23.2163471156 0 54 5
P 15.016530214 6.66941528973 0 54 5
P 27.9278774962 17.0550765777 0 20 5
P 27.4196108505 10.8639846931 0 20 5
P 9.12771292179 16.8814565759 0 91 2
P 8.89948572713 14.1014678736 0 91 2
P 12.0237637096 29.6310396623 0 90 1
P 9.67738379694 1.05026664012 0 90 1
P 21.2572720703 17.8466510944 0 55 3
P 20.7092201079 11.1709424169 0 55 3
P 7.69798572814 26.710046945 0 84 4
P 5.88592085823 4.63765599505 0 84 4
P 8.56013042747 27.8074282804 0 59 1
P 6.55754599793 3.41435760561 0 59 1
