P 15 15 0 13 3
P 17.9750491268 27.8404577704 1 100 5
P 10.0571076471 27.2186778437 2 100 5
P 15.2164250728 12.2439749382 0 42 1
P 15.8347302773 4.37028166571 0 67 5
P 18.4185768147 23.6058683858 0 38 5
P 10.2800079654 22.9667630381 0 38 5
P 21.3593927337 4.79410004939 0 69 4
P 10.3116322173 3.92654176524 0 69 4
P 26.353770016 8.28143609476 0 66 5
P 4.83412442379 6.59154185984 0 66 5
P 2.09245925054 9.49409052412 0 83 1
P 28.6087600498 11.5763619844 0 83 1
P 17.5801400396 14.9823091885 0 84 3
P 12.4542479551 14.5797832526 0 84 3
P 11.5414559734 19.8870901887 0 96 3
P 17.653307805 20.3670415489 0 96 3
