P 15 15 0 11 1
P 12.6731901981 0.744186566201 1 100 5
P 17.3268098019 29.2558134338 2 100 5
P 1.439146612 17.2133795965 0 22 1
P 28.560853388 12.7866204035 0 22 1
P 2.49502122382 17.0410415249 0 56 4
P 27.5049787762 12.9589584751 0 56 4
P 5.75169297813 19.4346081003 0 31 4
P 24.2483070219 10.5653918997 0 31 4
P 4.5759074679 17.5335994359 0 42 3
P 25.4240925321 12.4664005641 0 42 3
P 17.4181774654 25.6042253224 0 9 1
P 12.5818225346 4.3957746776 0 9 1
P 22.6098370601 17.6501527905 0 72 1
P 7.3901629399 12.3498472095 0 72 1
P 11.5149501947 24.6332833722 0 86 5
P 18.4850498053 5.36671662783 0 86 5
P 9.93589353474 10.222075935 0 32 5
P 20.0641064653 19.777924065 0 32 5
P 4.40386629168 15.4794203593 0 97 5
P 25.5961337083 14.5205796407 0 97 5
P 10.8293524902 19.5069256968 0 36 3
P 19.1706475098 10.4930743032 0 36 3
P 9.38410571159 24.3006523147 0 72 5
P 20.6158942884 5.69934768534 0 72 5
P 8.09673315775 16.8704957717 0 23 1
P 21.9032668422 13.1295042283 0 23 1
