P 15 15 0 42 1
P 26.7187472619 17.1304675623 1 100 5
P 3.28125273812 12.8695324377 2 100 5
P 13.3019327772 24.3403067803 0 20 1
P 16.6980672228 5.65969321965 0 20 1
P 12.9963374253 26.0212498545 0 55 1
P 17.0036625747 3.97875014553 0 55 1
P 21.2399926327 7.61591718152 0 28 1
P 8.76000736731 22.3840828185 0 28 1
P 13.0561207989 17.5950229865 0 48 3
P 16.9438792011 12.4049770135 0 48 3
P 7.60532138426 18.9440047332 0 65 3
P 22.3946786157 11.0559952668 0 65 3
P 7.57456664124 26.8823070794 0 11 4
P 22.4254333588 3.11769292063 0 11 4
P 7.59383955935 10.1139764834 0 34 1
P 22.4061604407 19.8860235166 0 34 1
P 12.1159051408 6.47785202719 0 71 3
P 17.8840948592 23.5221479728 0 71 3
P 18.0894807422 27.4293769865 0 8 4
P 11.9105192578 2.57062301349 0 8 4
P 10.9415154796 4.00473051065 0 4 5
P 19.0584845204 25.9952694893 0 4 5
