P 15 15 0 41 1
P 12.6506030364 15.5772494403 1 100 5
P 17.3493969636 14.4227505597 2 100 5
P 12.4195435694 4.49757924491 0 25 2
P 17.5804564306 25.5024207551 0 25 2
P 21.0300397776 22.913902749 0 15 3
P 8.96996022239 7.08609725101 0 15 3
P 27.4924929974 22.6321794317 0 34 4
P 2.50750700263 7.3678205683 0 34 4
P 2.30563379446 14.5233140861 0 6 1
P 27.6943662055 15.4766859139 0 6 1
P 16.5627850864 0.870306350397 0 35 2
P 13.4372149136 29.1296936496 0 35 2
P 24.9730049952 8.68407007757 0 73 3
P 5.02699500476 21.3159299224 0 73 3
P 21.9608256552 25.4650403761 0 49 2
P 8.03917434482 4.53495962395 0 49 2
P 24.4616938795 18.4887173321 0 24 2
P 5.53830612054 11.5112826679 0 24 2
