P 15 15 0 90 2
P 20.2978973912 5.98436858909 1 100 5
P 9.70210260883 24.0156314109 2 100 5
P 23.8437077719 25.204083972 0 64 3
P 6.15629222815 4.79591602802 0 64 3
P 22.0524151821 7.81338187342 0 1 3
P 7.94758481787 22.1866181266 0 1 3
P 17.831127639 20.5775215712 0 37 4
P 12.168872361 9.42247842879 0 37 4
P 11.6007452924 5.12835368546 0 58 5
P 18.3992547076 24.8716463145 0 58 5
P 14.1997886979 29.9009650554 0 84 3
P 15.8002113021 0.0990349445707 0 84 3
P 8.81474479915 15.9527067481 0 84 2
P 21.1852552009 14.0472932519 0 84 2
P 17.18838082 23.9152055303 0 100 5
P 12.81161918 6.08479446973 0 100 5
P 20.7459268944 7.37104446025 0 65 3
P 9.25407310562 22.6289555398 0 65 3
P 3.38052038118 18.2918426669 0 6 4
P 26.6194796188 11.7081573331 0 6 4
P 12.1403898297 24.8257953224 0 8 4
P 17.8596101703 5.1742046776 0 8 4
P 24.622583213 20.7445549153 0 3 1
P 5.377416787 9.2554450847 0 3 1
P 4.09261843213 21.4262135833 0 59 2
P 25.9073815679 8.57378641669 0 59 2
