P 15 15 0 11 2
P 10.466606495 19.9361382466 1 100 5
P 16.7506922086 21.4693271869 2 100 5
P 17.2002066845 5.98200682953 0 60 4
P 21.5874635194 26.637900339 0 12 5
P 3.79295230614 22.2964019837 0 12 5
P 13.20484888 1.14702433632 0 61 1
P 22.973358128 3.5303416596 0 61 1
P 19.9255368796 15.6780847318 0 44 4
P 10.3156255698 13.3334620756 0 44 4
P 11.5788591137 25.6972396535 0 7 1
P 13.1101706806 26.0708484911 0 7 1
P 16.8177130282 23.1459558751 0 53 2
P 9.63495366739 21.3935088661 0 53 2
P 15.1599469657 29.0965339539 0 54 3
P 8.36593914314 27.4389344034 0 54 3
P 11.8601177396 7.51510053161 0 43 1
P 21.2342057941 9.80218711599 0 43 1
P 13.4704765021 10.1337995418 0 6 2
P 18.5987643416 11.3849973384 0 6 2
P 16.5711690944 2.33227018971 0 88 2
P 19.4394307788 3.03206762928 0 88 2
P 2.28008997289 11.0347055247 0 82 5
P 28.1168515446 17.3383491892 0 82 5
P 9.25397120855 5.38419028355 0 20 5
P 24.5288961505 9.11096089942 0 20 5
