P 15 15 0 12 3
P 16.3968531379 1.3823390985 1 100 5
P 2.24577995227 10.0279020433 2 100 5
P 20.2749797655 23.6340964945 0 23 4
P 19.1251924419 21.7521225076 0 40 5
P 22.6398771507 27.5049648449 0 50 1
P 23.6157130301 24.1683964448 0 5 5
P 19.2257054153 26.8504606716 0 5 5
P 12.9202174455 17.943321173 0 69 5
P 18.5681008221 14.49276088 0 69 5
P 7.89120850493 19.1850783643 0 32 4
P 21.9681885324 10.5847824501 0 32 4
P 11.4583315124 15.1748297483 0 9 2
P 16.771948199 11.9284888577 0 9 2
P 9.66771925964 26.7332501595 0 23 1
P 27.873607866 15.6104078247 0 23 1
P 4.42086069698 12.9987263783 0 36 3
P 18.0475410747 4.67353991439 0 36 3
P 4.19553859553 20.6475807904 0 97 3
P 24.9561657328 7.96392730814 0 97 3
P 17.1656689719 6.8325773865 0 14 5
P 6.74440592693 13.1994221083 0 14 5
