P 15 15 0 10 1
P 25.0820966021 16.2461308631 1 100 5
P 22.2965180203 22.0684042614 2 100 5
P 3.45390828104 9.47594717798 0 43 3
P 5.08443109927 10.2560461409 0 62 2
P 11.0057305893 29.1478321322 0 7 2
P 23.5097660577 3.01253889234 0 7 2
P 7.47042132874 22.2210660691 0 23 1
P 15.8980070606 4.60615886885 0 23 1
P 10.8691314458 23.6868514673 0 42 2
P 19.1719199796 6.33278896581 0 42 2
P 28.50283744 13.4961852806 0 26 2
P 22.3017209295 26.4574407748 0 26 2
P 3.18019867699 11.40569968 0 7 2
P 4.78474428214 8.05196080002 0 7 2
P 4.96554564119 3.87306953299 0 2 4
P 0.0397976176134 14.1686152667 0 2 4
