P 15 15 0 11 2
P 24.7610593656 7.86287250637 1 100 5
P 16.0556306567 27.0458504355 2 100 5
P 28.4441137063 21.1010742887 0 14 1
P 25.0340289266 19.5535434491 0 90 4
P 23.6759397606 18.9372288988 0 94 1
P 27.2834334504 20.5743458913 0 44 5
P 27.8752990794 13.4455027849 0 92 5
P 22.307821773 25.713800862 0 92 5
P 20.5623725422 10.5256530381 0 6 2
P 15.2950636386 22.1325105316 0 6 2
P 16.3346282056 25.5239587534 0 56 2
P 23.7993561935 9.07494549648 0 56 2
P 6.4114848909 16.1448628519 0 34 3
P 10.2065212958 7.78225349284 0 34 3
