P 14 14 0 29 4
P 3.15140968851 10.3005849429 1 100 5
P 13.4009940124 2.55365668268 2 100 5
P 7.51776908016 5.42367527002 0 17 3
P 8.96067363212 7.33271216565 0 83 2
P 8.55540691065 5.39583521323 0 25 5
P 7.20786564823 6.41434534573 0 25 5
P 5.95151206574 9.50410983039 0 43 1
P 11.8707313504 5.03019501534 0 43 1
P 15.6488038643 18.990913295 0 31 3
P 18.3516641648 16.9480143652 0 31 3
P 9.51243787383 16.5458983584 0 50 4
P 17.67373049 10.3773605514 0 50 4
P 4.49219892119 14.0825052702 0 59 3
P 16.6735804722 4.87546955004 0 59 3
P 23.0391419113 14.2852689768 0 43 4
P 11.8081129035 22.7740011305 0 43 4
P 4.95409068526 12.7133892651 0 45 2
P 15.2303862156 4.94627191295 0 45 2
P 10.4112556071 19.1381571149 0 21 2
P 19.922387304 11.9493724188 0 21 2
P 18.0670633665 14.1793273168 0 13 2
P 13.0628238277 17.9616743349 0 13 2
P 6.93221925063 16.6991637141 0 56 4
P 18.5251936773 7.93686288628 0 56 4
