P 15 15 0 94 4
P 21.49279564 21.3530397108 1 100 5
P 8.50720435996 8.64696028924 2 100 5
P 9.38975702283 20.7336586579 0 19 2
P 20.6102429772 9.26634134208 0 19 2
P 21.7394470235 20.1255539593 0 79 3
P 8.26055297648 9.87444604074 0 79 3
P 18.3034922931 25.8257665225 0 9 5
P 11.6965077069 4.17423347746 0 9 5
P 6.70558722514 4.09006791062 0 3 4
P 23.2944127749 25.9099320894 0 3 4
P 19.8795610251 21.4604904983 0 61 4
P 10.1204389749 8.53950950172 0 61 4
P 18.4507874002 23.6641409013 0 39 2
P 11.5492125998 6.33585909872 0 39 2
P 28.5644868477 19.247039197 0 19 4
P 1.43551315233 10.752960803 0 19 4
P 18.592413887 22.0974335821 0 63 1
P 11.407586113 7.9025664179 0 63 1
