P 15 15 0 94 3
P 24.8512841058 24.184979439 1 100 5
P 12.7422956182 1.72165609902 2 100 5
P 21.4388473612 11.5291009086 0 16 4
P 15.362826673 1.25775938181 0 83 3
P 26.6792868536 22.250867465 0 83 3
P 11.1304110411 17.712224237 0 76 4
P 10.6072199465 16.7416550817 0 76 4
P 3.95741525848 18.2985668966 0 32 3
P 6.17448878264 22.4114487853 0 32 3
P 20.145396804 28.899612571 0 79 2
P 6.21706059703 3.06122647259 0 79 2
P 8.63433055641 2.12643127569 0 51 5
P 22.2550432156 27.3941464855 0 51 5
P 13.7091535019 7.42414207179 0 28 4
P 20.6190741687 20.2427009753 0 28 4
P 26.6166719965 13.9853613341 0 21 5
P 22.233157437 5.85352563071 0 21 5
P 20.5787680087 14.2104702634 0 94 1
P 18.7261375535 10.7736648698 0 94 1
P 4.20252772473 14.4259881856 0 75 5
P 9.54425755485 24.3354041943 0 75 5
