P 15 15 0 10 5
P 10.9753930627 21.9495255597 1 100 5
P 11.6490101368 7.70176504616 2 100 5
P 2.83562226482 14.4248827715 0 41 5
P 7.77942315039 3.58022417574 0 55 1
P 6.73421291026 25.6875990617 0 55 1
P 17.1647432 9.78091334292 0 12 3
P 16.6626834612 20.4000428113 0 12 3
P 7.30245035932 26.9965379113 0 79 3
P 8.46862000121 2.33073531573 0 79 3
P 7.48658741042 21.7075773271 0 18 1
P 8.15293962945 7.6134766891 0 18 1
P 25.1241420707 16.8359420872 0 80 5
P 25.2521974303 14.1274268705 0 80 5
P 22.9105094432 12.8441311718 0 1 1
P 22.6718246822 17.8925829463 0 1 1
P 9.84596229525 4.74211729672 0 9 3
P 8.90115485096 24.7258598625 0 9 3
P 21.6012760641 17.302042344 0 79 2
P 21.7890205477 13.3310348625 0 79 2
P 21.2129862905 1.71662665136 0 96 2
P 19.9320299944 28.8102963871 0 96 2
P 7.03324449219 8.9630235057 0 1 2
P 6.49921209511 20.2584107399 0 1 2
