P 15 15 0 16 3
P 7.96418979869 19.7795942712 1 100 5
P 11.5516263119 22.7753370019 2 100 5
P 1.99179968732 12.8291328337 0 15 5
P 19.4556803283 27.4126086074 0 15 5
P 0.433715764671 11.6087773696 0 27 4
P 20.9343124716 28.7281084947 0 27 4
P 14.1897433691 17.3668550026 0 24 4
P 12.8155630744 16.2193251123 0 24 4
P 14.0463615601 19.0340035781 0 48 2
P 11.2007019321 16.6576927742 0 48 2
P 3.90315078764 9.96914374684 0 27 4
P 21.929001967 25.0219014574 0 27 4
P 2.46594585839 8.93227330915 0 46 4
P 23.2055348478 26.2511785285 0 46 4
P 1.92680918601 21.5294642732 0 83 5
P 10.9063800922 29.0279897991 0 83 5
P 24.9702543437 20.9936016809 0 48 1
P 7.32457574291 6.25831279088 0 48 1
