P 15 15 0 75 3
P 6.0532973222 9.15041050896 1 100 5
P 23.9467026778 20.849589491 2 100 5
P 8.04186820979 25.6421717995 0 78 5
P 21.9581317902 4.35782820053 0 78 5
P 2.13839142362 15.8984194109 0 72 2
P 27.8616085764 14.1015805891 0 72 2
P 12.799946802 3.41063257916 0 99 2
P 17.200053198 26.5893674208 0 99 2
P 16.3267215788 22.924512985 0 84 4
P 13.6732784212 7.07548701496 0 84 4
P 12.6020828979 24.6502462273 0 68 1
P 17.3979171021 5.34975377272 0 68 1
P 4.85892879416 21.3623523635 0 89 4
P 25.1410712058 8.63764763652 0 89 4
P 14.7552423478 7.9344034679 0 38 4
P 15.2447576522 22.0655965321 0 38 4
