P 15 15 0 55 0
P 23.2873283018 25.0927676072 1 100 5
P 6.71267169817 4.90723239284 2 100 5
P 4.39144827177 23.7108466578 0 94 4
P 25.6085517282 6.2891533422 0 94 4
P 5.45069678613 12.6756082042 0 72 4
P 24.5493032139 17.3243917958 0 72 4
P 5.01918554722 17.7654338325 0 18 4
P 24.9808144528 12.2345661675 0 18 4
P 27.831396869 13.7018371178 0 83 4
P 2.16860313103 16.2981628822 0 83 4
P 16.1269568237 21.6176746249 0 45 1
P 13.8730431763 8.38232537511 0 45 1
P 12.4552882054 1.10371437295 0 61 1
P 17.5447117946 28.8962856271 0 61 1
P 7.66584273743 23.7928918675 0 53 4
P 22.3341572626 6.20710813247 0 53 4
P 17.4951598588 2.78558352751 0 23 3
P 12.5048401412 27.2144164725 0 23 3
P 14.7176859595 0.339749922485 0 70 4
P 15.2823140405 29.6602500775 0 70 4
P 14.2810403297 6.19739525792 0 7 3
P 15.7189596703 23.8026047421 0 7 3
P 29.4186452598 14.3426165345 0 70 5
P 0.581354740201 15.6573834655 0 70 5
