P 15 15 0 6 3
P 14.3366253598 22.3407396041 1 100 5
P 15.6633746402 7.65926039593 2 100 5
P 10.2369830635 26.4042779469 0 5 1
P 19.7630169365 3.59572205314 0 5 1
P 9.22644417907 5.54898223415 0 61 4
P 20.7735558209 24.4510177659 0 61 4
P 13.6916345371 28.6220878454 0 23 2
P 16.3083654629 1.37791215462 0 23 2
P 6.99914683855 27.4133390675 0 95 3
P 23.0008531614 2.58666093246 0 95 3
P 16.8402901762 5.68660741392 0 54 1
P 13.1597098238 24.3133925861 0 54 1
P 8.82990143954 8.82672562249 0 99 5
P 21.1700985605 21.1732743775 0 99 5
P 6.22024938558 9.8823608024 0 36 5
P 23.7797506144 20.1176391976 0 36 5
P 25.1008187217 10.8761621018 0 80 5
P 4.89918127832 19.1238378982 0 80 5
P 8.5181342573 27.9129841752 0 64 4
P 21.4818657427 2.08701582482 0 64 4
P 10.8559310088 7.59199230184 0 42 3
P 19.1440689912 22.4080076982 0 42 3
P 11.9185835559 6.99378677208 0 65 2
P 18.0814164441 23.0062132279 0 65 2
P 27.6529081769 9.18719968806 0 59 4
P 2.34709182309 20.8128003119 0 59 4
