P 15 15 0 22 0
P 3.46619972827 16.204190203 1 100 5
P 26.5338002717 13.795809797 2 100 5
P 24.7838651474 19.8422459576 0 28 5
P 5.21613485263 10.1577540424 0 28 5
P 9.71591282353 6.03881928223 0 87 1
P 20.2840871765 23.9611807178 0 87 1
P 6.33736875685 23.8084531221 0 13 1
P 23.6626312431 6.19154687789 0 13 1
P 23.3699920414 7.20491931385 0 75 5
P 6.63000795861 22.7950806862 0 75 5
P 21.8463730323 22.7186248526 0 17 4
P 8.15362696773 7.28137514738 0 17 4
P 12.8269124352 8.83886169101 0 27 4
P 17.1730875648 21.161138309 0 27 4
P 21.7648044485 9.31150699479 0 50 1
P 8.23519555148 20.6884930052 0 50 1
P 15.2811508393 4.56080471144 0 90 5
P 14.7188491607 25.4391952886 0 90 5
P 18.1436493993 28.4227115857 0 12 5
P 11.8563506007 1.57728841434 0 12 5
