P 15 15 0 46 0
P 12.6841409093 2.40541998995 1 100 5
P 17.3158590907 27.5945800101 2 100 5
P 26.1292685381 9.71491751468 0 58 1
P 3.87073146195 20.2850824853 0 58 1
P 8.32762690521 3.53451205472 0 86 4
P 21.6723730948 26.4654879453 0 86 4
P 18.031062819 24.9638999457 0 3 1
P 11.968937181 5.03610005427 0 3 1
P 17.5077563821 17.4864451346 0 42 4
P 12.4922436179 12.5135548654 0 42 4
P 19.9316810715 19.1270085166 0 50 3
P 10.0683189285 10.8729914834 0 50 3
P 16.9126111357 13.1973558494 0 21 3
P 13.0873888643 16.8026441506 0 21 3
P 14.961571651 3.72968385916 0 28 4
P 15.038428349 26.2703161408 0 28 4
P 8.41780329755 6.37591408718 0 63 3
P 21.5821967024 23.6240859128 0 63 3
P 17.9055650363 19.7263084901 0 15 1
P 12.0944349637 10.2736915099 0 15 1
P 26.5302354445 7.47678688729 0 80 3
P 3.46976455553 22.5232131127 0 80 3
P 28.940823458 12.6510616447 0 47 2
P 1.05917654196 17.3489383553 0 47 2
P 18.1171358598 14.1730323854 0 11 1
P 11.8828641402 15.8269676146 0 11 1
P 14.256689327 0.0314565742865 0 79 2
P 15.743310673 29.9685434257 0 79 2
