P 15 15 0 50 0
P 9.04650054919 4.60270577032 1 100 5
P 20.9534994508 25.3972942297 2 100 5
P 11.6071903658 16.9427256599 0 3 3
P 18.3928096342 13.0572743401 0 3 3
P 22.9332708757 6.28815233762 0 82 5
P 7.06672912426 23.7118476624 0 82 5
P 20.68900048 22.9893907581 0 26 3
P 9.31099952001 7.01060924188 0 26 3
P 14.3490019592 24.0165965222 0 5 3
P 15.6509980408 5.98340347783 0 5 3
P 0.965530682459 11.5663623765 0 17 5
P 29.0344693175 18.4336376235 0 17 5
P 13.0337960223 12.296944541 0 81 4
P 16.9662039777 17.703055459 0 81 4
P 24.0857109437 18.6077863419 0 78 3
P 5.91428905632 11.3922136581 0 78 3
P 18.9628594679 15.1256911666 0 47 2
P 11.0371405321 14.8743088334 0 47 2
P 7.88380477937 6.83368806687 0 27 3
P 22.1161952206 23.1663119331 0 27 3
P 17.3267294132 6.58494031418 0 4 5
P 12.6732705868 23.4150596858 0 4 5
