P 14 14 0 2 0
P 7.45173222074 8.80072562411 1 100 5
P 20.5482677793 19.1992743759 2 100 5
P 8.83012644901 20.5112386747 0 21 5
P 19.169873551 7.48876132528 0 21 5
P 20.986719066 21.6832185635 0 34 1
P 7.01328093397 6.31678143653 0 34 1
P 22.6021336672 17.2226709898 0 80 5
P 5.39786633279 10.7773290102 0 80 5
P 18.3056492261 24.1278361095 0 97 3
P 9.69435077386 3.87216389052 0 97 3
P 7.15586715537 19.4963271619 0 33 2
P 20.8441328446 8.5036728381 0 33 2
P 3.37790270585 16.5831863032 0 6 4
P 24.6220972942 11.4168136968 0 6 4
P 8.98012614632 21.9787718365 0 47 4
P 19.0198738537 6.02122816347 0 47 4
P 13.4763375381 2.37168823198 0 12 1
P 14.5236624619 25.628311768 0 12 1
P 5.03681219172 9.04023390506 0 21 3
P 22.9631878083 18.9597660949 0 21 3
P 10.0390432002 8.24829194671 0 8 5
P 17.9609567998 19.7517080533 0 8 5
P 18.7240271782 20.693948231 0 43 2
P 9.27597282176 7.30605176896 0 43 2
P 18.6277225772 18.1497086791 0 50 2
P 9.37227742282 9.85029132094 0 50 2
P 4.51018142442 7.3604757982 0 71 2
P 23.4898185756 20.6395242018 0 71 2
