P 15 15 0 5 5
P 12.1570695066 19.8749234694 1 100 5
P 17.8429304934 10.1250765306 2 100 5
P 5.40949777378 9.4070647679 0 91 1
P 24.5905022262 20.5929352321 0 91 1
P 2.24384001674 7.56093425413 0 52 3
P 27.7561599833 22.4390657459 0 52 3
P 27.975572683 20.3161837655 0 29 4
P 2.02442731698 9.68381623447 0 29 4
P 16.1074842653 20.1276491159 0 95 2
P 13.8925157347 9.87235088412 0 95 2
P 4.13197472916 21.0257254095 0 54 5
P 25.8680252708 8.97427459054 0 54 5
P 11.3457511994 14.3486761602 0 22 3
P 18.6542488006 15.6513238398 0 22 3
P 8.9366410921 10.384459297 0 80 3
P 21.0633589079 19.615540703 0 80 3
P 19.9814368399 28.1577272541 0 85 5
P 10.0185631601 1.84227274593 0 85 5
P 27.1289417397 7.51290206113 0 69 5
P 2.87105826027 22.4870979389 0 69 5
P 7.32071610231 17.3048511548 0 29 1
P 22.6792838977 12.6951488452 0 29 1
P 2.09911277912 19.7868662727 0 76 2
P 27.9008872209 10.2131337273 0 76 2
