P 15 15 0 33 4
P 5.03567261736 16.6982341182 1 100 5
P 24.9643273826 13.3017658818 2 100 5
P 14.0607135291 9.48877053999 0 82 2
P 15.9392864709 20.51122946 0 82 2
P 13.0256039349 3.41530236296 0 79 5
P 16.9743960651 26.584697637 0 79 5
P 11.3599796733 16.5838330236 0 89 2
P 18.6400203267 13.4161669764 0 89 2
P 23.9668445038 13.4638194211 0 60 5
P 6.03315549623 16.5361805789 0 60 5
P 13.7916031672 20.6162114456 0 36 5
P 16.2083968328 9.3837885544 0 36 5
P 5.19718927022 25.0485241873 0 37 3
P 24.8028107298 4.95147581274 0 37 3
P 9.63955279111 23.5724623103 0 76 4
P 20.3604472089 6.42753768966 0 76 4
P 5.59723553643 3.32682707159 0 19 4
P 24.4027644636 26.6731729284 0 19 4
P 12.1501060485 18.3431158476 0 26 2
P 17.8498939515 11.6568841524 0 26 2
P 20.96211658 27.5375061341 0 88 5
P 9.03788341999 2.46249386595 0 88 5
