P 14 14 0 71 0
P 4.56266775175 13.9003736799 1 100 5
P 21.4993087619 19.7300552756 2 100 5
P 16.1605280451 7.72314125706 0 62 4
P 17.6963701813 3.26114680976 0 3 1
P 14.9373770231 11.2766920678 0 81 1
P 19.0278299692 14.7940150006 0 67 2
P 9.54863142744 11.5312246251 0 67 2
P 10.4324233471 18.9564175234 0 67 5
P 13.7611480211 20.1021821976 0 67 5
P 11.439813957 14.5033523883 0 60 1
P 15.7079908938 15.9724815102 0 60 1
P 7.60258969896 19.8292551609 0 5 1
P 15.4542462801 22.5318369679 0 5 1
P 10.3449882488 20.2473203954 0 91 3
P 13.0355229204 21.1734166885 0 91 3
P 17.8476828138 22.0529143131 0 7 3
P 6.01098542606 17.9786603408 0 7 3
P 23.4762632224 8.31038854477 0 78 2
P 10.0332208215 3.68322210566 0 78 2
P 22.468651056 22.2114247968 0 80 2
P 2.27142915987 15.25943398 0 80 2
P 4.75062226701 10.0333486512 0 18 2
P 23.7312851018 16.5665933917 0 18 2
P 10.7409883939 7.51315574702 0 4 3
P 20.5611569994 10.8933098254 0 4 3
P 13.066176303 3.66678248745 0 34 5
P 21.0959717668 6.43068064195 0 34 5
P 13.2528251272 9.12767981369 0 38 4
P 17.5877424799 10.6197813405 0 38 4
