P 15 15 0 10 5
P 6.87559885316 14.908874488 1 100 5
P 13.2166812907 22.9267882673 2 100 5
P 5.81193337474 22.2665146465 0 8 4
P 4.92590613817 22.9672420307 0 7 1
P 3.71123641585 23.9278810517 0 92 1
P 6.65817093495 21.5972555002 0 14 3
P 17.5315098503 21.3011606407 0 36 1
P 9.45169009198 11.0847190769 0 36 1
P 22.6704446579 7.48693514025 0 69 3
P 24.0782982933 9.26708059235 0 69 3
P 8.91481081687 3.15304807405 0 27 5
P 25.1260515472 23.6511778039 0 27 5
P 2.06615565128 20.2039262091 0 81 5
P 6.95593489944 26.3867552132 0 81 5
P 4.1537534833 24.8513826229 0 91 2
P 2.91454725312 23.2844815762 0 91 2
P 28.6453863919 13.8329135731 0 3 2
P 19.2797984353 1.99069618059 0 3 2
P 3.77084639567 19.9156069298 0 93 2
P 7.62928421379 24.7943673076 0 93 2
P 9.54886173164 26.7228919256 0 75 1
P 2.33651553351 17.6033180148 0 75 1
P 6.61940638521 25.1528289356 0 75 4
P 3.18933813977 20.8157158764 0 75 4
P 3.30649363749 7.0442449283 0 31 4
P 20.0473120266 28.2119934574 0 31 4
P 22.5159331432 10.7709595293 0 87 1
P 20.8470378046 8.66074269119 0 87 1
