P 15 15 0 22 2
P 20.8646265561 28.2487780685 1 100 5
P 14.3291593627 0.526785505918 2 100 5
P 11.4824596425 2.02395962402 0 5 4
P 17.6489446289 28.1808120523 0 5 4
P 25.2998056869 11.7044471919 0 99 1
P 25.6872386845 13.3478514599 0 99 1
P 9.83201241569 5.51152269819 0 87 1
P 14.614488011 25.797716318 0 87 1
P 7.16764233587 13.0296944118 0 3 5
P 8.87250576852 20.2613444226 0 3 5
P 17.6872408471 6.48471561387 0 17 1
P 21.2078300757 21.4182690266 0 17 1
P 13.1765244501 1.41900705187 0 19 4
P 19.4348352767 27.9653641911 0 19 4
P 12.3178250627 25.9304866045 0 76 4
P 7.71789158145 6.41859587331 0 76 4
P 17.8097925067 24.0808637952 0 79 3
P 13.4577145988 5.62032106416 0 79 3
P 19.1474849456 25.4823776209 0 20 4
P 14.0285215745 3.76887798886 0 20 4
P 21.8297281312 23.398618749 0 22 2
P 17.3590776908 4.43511781009 0 22 2
P 26.6320981214 16.2697388462 0 53 1
P 24.8400333867 8.66820038277 0 53 1
P 8.11886549321 15.1843908344 0 89 4
P 8.7611121974 17.9086579494 0 89 4
