P 14 14 0 90 1
P 21.2284106271 16.8581803649 1 100 5
P 6.84431812675 10.9643234491 2 100 5
P 12.4632695782 19.689521315 0 15 4
P 11.1026301717 19.1320016817 0 15 4
P 15.3707529165 3.63219366634 0 59 5
P 20.2983210153 5.6512561353 0 59 5
P 8.26998622432 11.481116687 0 34 3
P 19.8500164806 16.2260139692 0 34 3
P 9.80716844481 2.97011120569 0 54 5
P 24.7268649621 9.08343093704 0 54 5
P 18.8191378868 15.70393999 0 81 5
P 9.37080431647 11.832501722 0 81 5
P 6.08179624047 17.7265259705 0 3 1
P 17.0267419154 22.2111984487 0 3 1
P 14.4617956035 21.2796567605 0 12 3
P 8.56293255489 18.8626078731 0 12 3
P 18.7871802283 13.7396906381 0 81 2
P 10.7718631424 10.4554283854 0 81 2
P 24.0975800375 16.1955656796 0 39 4
P 5.26502732224 8.47895991803 0 39 4
P 17.1312405217 21.0690280923 0 19 2
P 6.80878939775 16.8394216751 0 19 2
