P 14 14 0 98 3
P 8.25136690186 21.882563864 1 100 5
P 19.7486330981 6.11743613604 2 100 5
P 23.23961359 10.8536691038 0 20 3
P 4.76038640997 17.1463308962 0 20 3
P 13.2215651369 5.90028372885 0 26 2
P 14.7784348631 22.0997162712 0 26 2
P 8.9455158755 23.8777048858 0 70 3
P 19.0544841245 4.12229511421 0 70 3
P 20.0644852848 9.94344906417 0 24 1
P 7.93551471521 18.0565509358 0 24 1
P 10.5803316011 5.34615944049 0 48 5
P 17.4196683989 22.6538405595 0 48 5
P 17.921062901 19.0597819871 0 69 5
P 10.078937099 8.94021801286 0 69 5
P 15.0896948252 3.79257171255 0 78 2
P 12.9103051748 24.2074282874 0 78 2
P 4.96441110155 20.4588074822 0 48 1
P 23.0355888984 7.54119251779 0 48 1
P 24.3272876255 13.9992826977 0 90 3
P 3.67271237448 14.0007173023 0 90 3
P 11.8585264646 15.5430846692 0 59 3
P 16.1414735354 12.4569153308 0 59 3
P 2.35424405424 12.8134790628 0 23 5
P 25.6457559458 15.1865209372 0 23 5
