P 15 15 0 72 2
P 17.2798778443 29.7133674503 1 100 5
P 12.7201221557 0.286632549679 2 100 5
P 8.81842950679 6.05478113957 0 82 5
P 21.1815704932 23.9452188604 0 82 5
P 22.3125688115 8.88886486621 0 2 1
P 7.68743118845 21.1111351338 0 2 1
P 7.04082337212 9.84309516153 0 42 1
P 22.9591766279 20.1569048385 0 42 1
P 27.8406101746 14.6885088977 0 27 1
P 2.15938982538 15.3114911023 0 27 1
P 12.8490999509 12.9875275255 0 55 5
P 17.1509000491 17.0124724745 0 55 5
P 14.9706644568 10.5150110299 0 4 3
P 15.0293355432 19.4849889701 0 4 3
P 2.10075663981 10.1337742023 0 68 4
P 27.8992433602 19.8662257977 0 68 4
P 25.6893005153 12.057596955 0 25 2
P 4.31069948474 17.942403045 0 25 2
P 24.0634292915 17.0068968999 0 36 4
P 5.93657070853 12.9931031001 0 36 4
P 21.9737138759 21.1838122706 0 37 3
P 8.02628612413 8.81618772941 0 37 3
P 19.6504676102 11.5399447183 0 78 4
P 10.3495323898 18.4600552817 0 78 4
