P 15 15 0 80 2
P 8.88600030796 28.2811366353 1 100 5
P 21.113999692 1.71886336473 2 100 5
P 15.7669584193 28.5599040735 0 82 5
P 14.2330415807 1.44009592645 0 82 5
P 22.7886550015 2.53725519569 0 39 4
P 7.21134499853 27.4627448043 0 39 4
P 21.3751846752 27.3675855723 0 23 5
P 8.62481532478 2.63241442766 0 23 5
P 23.1660465937 22.6721506579 0 20 5
P 6.83395340631 7.32784934209 0 20 5
P 4.2916970919 9.94812908271 0 94 3
P 25.7083029081 20.0518709173 0 94 3
P 11.7178761878 23.8649090047 0 34 3
P 18.2821238122 6.1350909953 0 34 3
P 7.04612165412 3.43837185918 0 77 2
P 22.9538783459 26.5616281408 0 77 2
P 4.45995116339 23.0521483606 0 50 3
P 25.5400488366 6.94785163939 0 50 3
