P 15 15 0 38 3
P 17.3316885792 24.4732793116 1 100 5
P 23.1954805081 9.70718489019 2 100 5
P 3.57450540201 10.4628000407 0 28 5
P 4.7277742908 10.9207768495 0 34 5
P 5.57419431473 25.8463661791 0 26 2
P 15.5831107796 0.642094375374 0 26 2
P 4.84162762804 6.98008983176 0 37 1
P 2.10715222937 13.8659961564 0 37 1
P 3.13724246544 12.3964486996 0 93 1
P 4.5829224903 8.75596349673 0 93 1
P 24.0067932215 17.9629937475 0 36 2
P 23.5857645748 19.023220445 0 36 2
P 14.1031482011 20.1228872455 0 63 5
P 17.8619719938 10.6574853845 0 63 5
P 8.83655158713 3.62753862919 0 27 1
P 2.71375001332 19.0458664379 0 27 1
P 22.5254093419 3.31432212646 0 22 4
P 12.4584255372 28.6648180514 0 22 4
