P 15 15 0 68 2
P 9.57875418002 28.0328173066 1 100 5
P 20.42124582 1.96718269337 2 100 5
P 12.7008397783 14.0436210032 0 45 5
P 17.2991602217 15.9563789968 0 45 5
P 14.9568390752 1.3271605751 0 66 5
P 15.0431609248 28.6728394249 0 66 5
P 15.4679508801 23.7387375009 0 17 1
P 14.5320491199 6.26126249909 0 17 1
P 22.7314730861 4.61649341795 0 98 3
P 7.26852691385 25.383506582 0 98 3
P 18.5005139643 27.8936236728 0 67 3
P 11.4994860357 2.10637632719 0 67 3
P 4.30321514468 8.92999389017 0 13 3
P 25.6967848553 21.0700061098 0 13 3
