P 15 15 0 61 0
P 19.3000561481 8.98915255001 1 100 5
P 10.6999438519 21.01084745 2 100 5
P 25.9014991492 9.77109777337 0 69 1
P 4.09850085078 20.2289022266 0 69 1
P 16.7175579849 24.2377171632 0 59 5
P 13.2824420151 5.76228283679 0 59 5
P 18.8140605332 12.4420587307 0 4 1
P 11.1859394668 17.5579412693 0 4 1
P 22.2287695047 10.1543251262 0 58 5
P 7.77123049527 19.8456748738 0 58 5
P 19.6301964063 3.06684922366 0 14 4
P 10.3698035937 26.9331507763 0 14 4
P 26.0805169154 20.8616974172 0 68 4
P 3.91948308459 9.13830258278 0 68 4
P 27.763471564 22.3088237011 0 100 2
P 2.23652843603 7.69117629888 0 100 2
P 23.2527734039 3.2272216001 0 100 5
P 6.74722659606 26.7727783999 0 100 5
