P 15 15 0 33 2
P 22.2052082323 24.3062147706 1 100 5
P 12.6185620409 26.5260319397 2 100 5
P 13.8294998913 9.94500242373 0 55 2
P 12.0514840959 2.26634825763 0 3 4
P 12.9053966769 5.95411043324 0 47 2
P 4.83386573311 16.8703694808 0 45 1
P 24.953559863 12.2115929312 0 45 1
P 7.38045466481 25.8388572625 0 4 3
P 26.6081580419 21.3866238927 0 4 3
P 13.4157034482 13.7062352255 0 65 1
P 15.8543915049 13.1415495669 0 65 1
P 15.6026897159 4.79821777622 0 27 3
P 9.97456482834 6.10142726216 0 27 3
P 0.805057644151 15.4961639578 0 47 5
P 27.9683117377 9.20642961272 0 47 5
P 26.1926210672 6.81100046469 0 86 5
P 1.3471389124 12.5640476471 0 86 5
