P 15 15 0 9 2
P 18.2845159529 16.8488093408 1 100 5
P 11.7154840471 13.1511906592 2 100 5
P 12.8664257536 18.790417159 0 47 4
P 17.1335742464 11.209582841 0 47 4
P 8.96594636606 25.7198427571 0 61 3
P 21.0340536339 4.28015724289 0 61 3
P 21.8799269621 13.9556207225 0 17 4
P 8.12007303787 16.0443792775 0 17 4
P 21.5142670887 12.4755731254 0 74 4
P 8.48573291134 17.5244268746 0 74 4
P 7.42382861446 19.518862366 0 85 5
P 22.5761713855 10.481137634 0 85 5
P 10.1408051599 27.8486054174 0 58 5
P 19.8591948401 2.15139458263 0 58 5
P 6.50796275379 3.6164075294 0 60 4
P 23.4920372462 26.3835924706 0 60 4
P 15.1481175833 19.724256333 0 67 5
P 14.8518824167 10.275743667 0 67 5
