P 15 15 0 30 0
P 15.4385363088 11.6141597823 1 100 5
P 12.1756537991 13.0818507328 2 100 5
P 20.385938142 26.9736947045 0 16 1
P 21.0438703689 28.4363701777 0 91 2
P 19.6948001741 25.4371982189 0 38 3
P 18.3641094909 22.4788864881 0 42 3
P 17.8352911733 21.3032493156 0 27 4
P 29.7964172057 15.0773715463 0 18 5
P 5.24146206077 26.1225395378 0 18 5
P 28.4741856426 20.2837715574 0 12 2
P 10.0142887438 28.5872956792 0 12 2
P 7.10137147562 11.6023355974 0 41 1
P 17.6979560326 6.83584118204 0 41 1
P 9.22159431305 10.1382813083 0 49 5
P 15.1958726326 7.45096596698 0 49 5
P 11.563426153 8.76591255539 0 13 3
P 12.6153689258 8.29273373772 0 13 3
