P 15 15 0 66 0
P 9.00915416317 7.5556902919 1 100 5
P 20.9908458368 22.4443097081 2 100 5
P 5.82868808056 22.380659589 0 18 1
P 24.1713119194 7.61934041096 0 18 1
P 7.91364183348 20.7027825258 0 39 5
P 22.0863581665 9.29721747417 0 39 5
P 11.678552895 26.3013341349 0 57 2
P 18.321447105 3.6986658651 0 57 2
P 9.70761924166 17.1039262215 0 89 5
P 20.2923807583 12.8960737785 0 89 5
P 8.37568441558 10.7201321783 0 80 1
P 21.6243155844 19.2798678217 0 80 1
P 27.5666618582 22.1290526015 0 10 1
P 2.4333381418 7.87094739852 0 10 1
P 9.02167729727 12.28714929 0 63 5
P 20.9783227027 17.71285071 0 63 5
P 12.5832136397 28.1428519873 0 3 3
P 17.4167863603 1.85714801272 0 3 3
P 9.89214037631 24.7049947979 0 70 5
P 20.1078596237 5.29500520209 0 70 5
P 11.3102101608 23.1617387311 0 44 5
P 18.6897898392 6.83826126887 0 44 5
