P 15 15 0 29 0
P 15.6699469426 13.0343535999 1 100 5
P 14.3300530574 16.9656464001 2 100 5
P 6.57783229661 12.1294910914 0 4 1
P 23.4221677034 17.8705089086 0 4 1
P 3.90870455475 11.2197781492 0 55 1
P 26.0912954452 18.7802218508 0 55 1
P 27.5552271447 19.0389306389 0 19 4
P 2.44477285529 10.9610693611 0 19 4
P 28.7788136679 20.9195460952 0 20 4
P 1.22118633211 9.08045390482 0 20 4
P 5.52234393867 14.5855684716 0 70 2
P 24.4776560613 15.4144315284 0 70 2
P 20.7727818572 27.7891787216 0 50 4
P 9.2272181428 2.21082127844 0 50 4
P 8.48806794241 7.18435795425 0 88 5
P 21.5119320576 22.8156420457 0 88 5
P 23.5399080672 6.66637094141 0 53 1
P 6.46009193283 23.3336290586 0 53 1
P 13.0869214863 16.5388047456 0 79 3
P 16.9130785137 13.4611952544 0 79 3
P 16.7150793454 17.6099698856 0 47 4
P 13.2849206546 12.3900301144 0 47 4
P 13.8761978008 19.4494697825 0 38 5
P 16.1238021992 10.5505302175 0 38 5
P 22.5991888609 23.5734047957 0 60 1
P 7.40081113909 6.42659520427 0 60 1
