P 15 15 0 47 0
P 23.9099772106 8.26640475733 1 100 5
P 6.09002278943 21.7335952427 2 100 5
P 9.53664278961 7.77081759692 0 79 2
P 20.4633572104 22.2291824031 0 79 2
P 6.60554082417 3.89234691776 0 46 1
P 23.3944591758 26.1076530822 0 46 1
P 23.5812042824 20.708578835 0 8 5
P 6.41879571763 9.29142116498 0 8 5
P 6.17712529871 17.5321906802 0 88 2
P 23.8228747013 12.4678093198 0 88 2
P 2.73003305116 10.3323843324 0 83 2
P 27.2699669488 19.6676156676 0 83 2
P 10.4344129215 2.80990822325 0 90 2
P 19.5655870785 27.1900917768 0 90 2
P 16.6747740136 12.3638199167 0 56 1
P 13.3252259864 17.6361800833 0 56 1
P 20.2334075241 9.13935358335 0 70 3
P 9.76659247593 20.8606464166 0 70 3
P 11.4227974149 3.60536663093 0 26 4
P 18.5772025851 26.3946333691 0 26 4
P 23.3276009786 15.3867876889 0 53 1
P 6.67239902137 14.6132123111 0 53 1
P 15.7576236895 10.8038373632 0 17 1
P 14.2423763105 19.1961626368 0 17 1
P 15.0923979639 7.3392670064 0 100 3
P 14.9076020361 22.6607329936 0 100 3
