P 15 15 0 19 0
P 5.39163207549 9.58365651969 1 100 5
P 24.6083679245 20.4163434803 2 100 5
P 0.33010825958 14.0679753613 0 58 5
P 29.6698917404 15.9320246387 0 58 5
P 23.8042129927 14.5155966035 0 21 2
P 6.19578700733 15.4844033965 0 21 2
P 11.887615049 15.0598961633 0 86 4
P 18.112384951 14.9401038367 0 86 4
P 16.6946238119 18.8609704435 0 75 5
P 13.3053761881 11.1390295565 0 75 5
P 20.3199485714 8.14134787992 0 83 5
P 9.68005142864 21.8586521201 0 83 5
P 19.4155768172 16.2001644439 0 14 2
P 10.5844231828 13.7998355561 0 14 2
