P 15 15 0 62 1
P 11.999770124 6.5953491251 1 100 5
P 9.1159890656 21.7095417848 2 100 5
P 18.9726352012 4.03396595098 0 21 2
P 14.6559113243 26.6583590693 0 21 2
P 13.4203825238 21.367813426 0 13 4
P 15.8759509174 8.49792731583 0 13 4
P 22.0799948269 18.8302497101 0 42 4
P 22.9928941479 14.0456506241 0 42 4
P 1.75450516337 17.0586041634 0 53 3
P 3.44298862063 8.20908897528 0 53 3
P 17.0529050292 23.3600699737 0 19 4
P 19.9868225743 7.98310683881 0 19 4
P 22.1994636059 8.49391728797 0 94 5
P 19.2981827125 23.6998283798 0 94 5
P 7.49636904833 15.3717072038 0 44 5
P 8.16037089746 11.8916053269 0 44 5
P 5.83190808307 6.72856204099 0 43 2
P 3.43047671397 19.314710447 0 43 2
P 14.2664206503 12.5958149833 0 71 2
P 13.4327464364 16.9651871474 0 71 2
P 0.858399774023 13.8485715615 0 60 3
P 1.42791754571 10.863670437 0 60 3
P 4.06586411181 5.20261336397 0 49 2
P 1.22665303211 20.0832101884 0 49 2
