P 15 15 0 71 4
P 11.575345529 26.3585266756 1 100 5
P 25.8133856567 19.880069377 2 100 5
P 11.8740442234 8.12992557749 0 68 5
P 9.84517533 3.67097564739 0 70 4
P 10.2231754279 13.6880948657 0 73 2
P 17.149065142 10.5367425472 0 73 2
P 26.4403406615 21.8542241704 0 35 5
P 12.6518420928 28.1281353539 0 35 5
P 9.02574761789 5.48927680812 0 79 1
P 11.7543750741 4.24772275293 0 79 1
P 26.5056270255 15.9934105287 0 16 2
P 8.19030198695 24.3270751418 0 16 2
P 9.51191913477 19.9006245279 0 81 1
P 22.3001470756 14.0818469507 0 81 1
