P 15 15 0 20 4
P 20.7490620852 19.4982507714 1 100 5
P 9.25093791477 10.5017492286 2 100 5
P 7.3483251612 24.7793466706 0 76 4
P 22.6516748388 5.22065332944 0 76 4
P 19.9157137966 29.0353512544 0 58 4
P 10.0842862034 0.964648745617 0 58 4
P 8.16194138441 3.58239401996 0 63 1
P 21.8380586156 26.41760598 0 63 1
P 24.1499042803 12.7382792707 0 76 3
P 5.85009571971 17.2617207293 0 76 3
P 28.8394735408 12.26857896 0 53 1
P 1.16052645923 17.73142104 0 53 1
P 23.7105162494 22.9868589223 0 76 3
P 6.28948375058 7.01314107767 0 76 3
