P 15 15 0 81 2
P 17.0826009368 18.1673282201 1 100 5
P 12.5705458262 17.9098019062 2 100 5
P 15.370083611 8.51585621278 0 74 1
P 15.7808844214 1.31831640555 0 51 4
P 22.227780241 22.0503129358 0 18 5
P 7.01697447739 21.1821536061 0 18 5
P 24.3347712384 14.5224521221 0 70 3
P 5.78018397538 13.4634458938 0 70 3
P 12.0636510268 28.3875106391 0 24 2
P 16.3940534624 28.6346690957 0 24 2
P 18.8546258103 11.7432985737 0 43 1
P 11.5409526063 11.3258694299 0 43 1
P 4.59866898145 22.9746782153 0 17 4
P 24.4264283691 24.1063509595 0 17 4
P 1.41883481734 11.5668539231 0 75 5
P 28.8835914703 13.1344095869 0 75 5
P 0.918318439543 14.4708056686 0 96 5
P 29.0504467539 16.0764516836 0 96 5
P 16.9504734052 3.4875155436 0 40 3
P 14.3720799274 3.3403532967 0 40 3
P 21.4203585938 26.5729197692 0 12 5
P 7.3045719071 25.7672588398 0 12 5
P 24.1846128763 3.42475920821 0 77 3
P 7.19205932192 2.4549063199 0 77 3
P 9.03162764004 14.6564251311 0 30 3
P 20.9687056207 15.33773589 0 30 3
