P 15 15 0 61 0
P 1.14569053947 12.8099129275 1 100 5
P 25.0533398265 5.21896067151 2 100 5
P 18.7371105513 26.7700026815 0 67 3
P 16.2499341607 4.60224285552 0 34 4
P 7.98088408441 7.22776088858 0 34 4
P 25.2857885055 22.4008150488 0 50 4
P 10.8674607771 26.9787991109 0 50 4
P 26.4988751272 11.319113256 0 32 3
P 3.48389830362 18.6266317888 0 32 3
P 9.39827261123 7.48709279099 0 78 4
P 15.2417571236 5.63171958348 0 78 4
P 8.42946983277 19.2941203635 0 95 2
P 22.8441956722 14.7172799424 0 95 2
P 10.1172794444 18.409256071 0 55 4
P 20.9550794553 14.968130536 0 55 4
