P 15 15 0 64 1
P 18.168634924 8.46987751016 1 100 5
P 22.1096221246 16.4615130033 2 100 5
P 1.43234998073 16.0570475725 0 15 1
P 5.90182127188 25.1203567352 0 15 1
P 11.2424480003 28.6224068715 0 56 3
P 1.90522012424 9.68813535479 0 56 3
P 29.0250836613 17.1994300807 0 92 2
P 21.7931334773 2.53429496793 0 92 2
P 16.8411628297 6.95435451743 0 88 3
P 22.5038331448 18.4372634364 0 88 3
P 12.603690232 3.70087521797 0 46 5
P 22.5053267811 23.7796691995 0 46 5
P 25.986644697 20.6024172974 0 21 2
P 17.2436742567 2.87319633612 0 21 2
P 1.08965944047 11.1102949363 0 76 4
P 9.61769331696 28.4036619897 0 76 4
P 14.5324980309 9.75887459718 0 18 3
P 18.8734304064 18.5615292314 0 18 3
P 19.0258917261 14.8411339617 0 61 2
P 17.5768764808 11.9027834736 0 61 2
P 25.560314543 8.09442608888 0 17 4
P 26.9073153985 10.8259091661 0 17 4
