P 15 15 0 19 0
P 11.6061700787 16.7494611327 1 100 5
P 18.3938299213 13.2505388673 2 100 5
P 8.85544602406 3.08000318126 0 8 3
P 21.1445539759 26.9199968187 0 8 3
P 5.45001096033 5.6330414793 0 4 2
P 24.5499890397 24.3669585207 0 4 2
P 12.5873798061 1.08147226328 0 30 1
P 17.4126201939 28.9185277367 0 30 1
P 28.9547334976 10.8753347418 0 23 4
P 1.04526650237 19.1246652582 0 23 4
P 24.1000034849 14.1589653654 0 73 5
P 5.89999651506 15.8410346346 0 73 5
P 5.20074345697 22.5496096929 0 67 3
P 24.799256543 7.4503903071 0 67 3
P 11.9854478961 9.96891188173 0 94 4
P 18.0145521039 20.0310881183 0 94 4
