P 15 15 0 26 0
P 28.1002598923 14.3819824887 1 100 5
P 1.89974010767 15.6180175113 2 100 5
P 14.4481037298 3.30132732265 0 70 1
P 15.5518962702 26.6986726773 0 70 1
P 17.7320617254 13.3356074705 0 33 2
P 12.2679382746 16.6643925295 0 33 2
P 7.35582762474 15.8628948408 0 69 2
P 22.6441723753 14.1371051592 0 69 2
P 26.4521369821 16.8744278371 0 63 1
P 3.54786301793 13.1255721629 0 63 1
P 20.2302760561 7.82876359473 0 93 1
P 9.7697239439 22.1712364053 0 93 1
P 14.3914206185 29.343022314 0 1 1
P 15.6085793815 0.656977685991 0 1 1
P 12.1594179876 18.512505534 0 94 2
P 17.8405820124 11.487494466 0 94 2
P 5.12404825574 4.96922064797 0 34 3
P 24.8759517443 25.030779352 0 34 3
P 17.8716644754 1.40231405663 0 1 1
P 12.1283355246 28.5976859434 0 1 1
P 19.607491448 2.56884639968 0 26 2
P 10.392508552 27.4311536003 0 26 2
P 22.3293635555 5.37958942508 0 21 2
P 7.67063644446 24.6204105749 0 21 2
P 17.7370588688 5.85391612367 0 31 5
P 12.2629411312 24.1460838763 0 31 5
