P 15 15 0 63 4
P 26.8893935735 7.61648109696 1 100 5
P 3.11060642653 22.383518903 2 100 5
P 9.17845921339 5.62579909053 0 32 1
P 20.8215407866 24.3742009095 0 32 1
P 17.790317776 23.364411947 0 100 3
P 12.209682224 6.63558805303 0 100 3
P 20.7919701487 17.0312876482 0 25 1
P 9.20802985133 12.9687123518 0 25 1
P 21.8787592193 8.60191920341 0 84 2
P 8.12124078069 21.3980807966 0 84 2
P 10.3521628857 22.9544662171 0 91 4
P 19.6478371143 7.04553378291 0 91 4
P 7.23660929184 24.0746943443 0 53 5
P 22.7633907082 5.9253056557 0 53 5
P 17.3694680415 15.9595399679 0 47 2
P 12.6305319585 14.0404600321 0 47 2
P 2.78672998801 18.0220042238 0 9 4
P 27.213270012 11.9779957762 0 9 4
P 20.0571177569 25.216534049 0 33 1
P 9.94288224306 4.78346595102 0 33 1
P 13.7725869206 17.6602005047 0 36 5
P 16.2274130794 12.3397994953 0 36 5
P 4.3602983511 24.6772781003 0 76 4
P 25.6397016489 5.3227218997 0 76 4
P 14.092824592 5.50216783885 0 43 2
P 15.907175408 24.4978321611 0 43 2
