P 15 15 0 78 4
P 6.40775110677 20.4398274241 1 100 5
P 23.5922488932 9.5601725759 2 100 5
P 9.07808460136 5.64628947522 0 61 4
P 20.9219153986 24.3537105248 0 61 4
P 10.5016381426 7.89480314772 0 68 3
P 19.4983618574 22.1051968523 0 68 3
P 26.2012328499 24.1485963941 0 86 4
P 3.79876715014 5.85140360593 0 86 4
P 18.4804767232 21.8814151935 0 51 1
P 11.5195232768 8.11858480647 0 51 1
P 26.2371612399 20.5906464296 0 30 3
P 3.7628387601 9.40935357041 0 30 3
P 24.7473459484 21.6800273431 0 17 1
P 5.25265405162 8.31997265691 0 17 1
P 21.5814460218 12.1914049596 0 84 1
P 8.41855397821 17.8085950404 0 84 1
P 6.08440069014 24.1269090071 0 87 3
P 23.9155993099 5.87309099288 0 87 3
P 10.0667687241 25.5912724271 0 88 2
P 19.9332312759 4.40872757295 0 88 2
P 24.3156641834 24.5296037705 0 74 4
P 5.68433581664 5.4703962295 0 74 4
