P 15 15 0 6 1
P 11.1341231635 22.96838714 1 100 5
P 22.9939673451 18.8127002785 2 100 5
P 19.3061027631 27.2891135694 0 95 2
P 18.7652787884 17.5066075312 0 13 2
P 13.6227503844 19.3085483827 0 13 2
P 21.428951232 25.8912764346 0 13 3
P 16.775055939 27.5220003487 0 13 3
P 1.39131626264 10.4833030187 0 99 5
P 22.8132047466 2.9770778813 0 99 5
P 24.1887438459 21.8306467596 0 79 1
P 12.0843482849 26.072024372 0 79 1
P 15.3817126997 3.01307049357 0 95 5
P 7.21995315411 5.87294929054 0 95 5
P 21.1482432567 3.59954550879 0 61 4
P 3.08066104226 9.93042244761 0 61 4
P 29.8213739003 15.5410233179 0 99 4
P 3.75785421492 24.6736750343 0 99 4
P 28.032970201 18.9184805259 0 95 4
P 7.26321056732 26.1961998538 0 95 4
P 26.3864120164 17.2947202716 0 43 2
P 7.53616097685 23.8998441992 0 43 2
P 8.40829822122 12.8716775818 0 30 2
P 18.8216258678 9.22284980437 0 30 2
P 10.9090105502 29.3382449651 0 94 4
P 27.1456861848 23.6489172998 0 94 4
