P 15 15 0 23 2
P 16.5143976844 3.94263155059 1 100 5
P 13.4856023156 26.0573684494 2 100 5
P 1.53902164964 13.1564081421 0 72 5
P 28.4609783504 16.8435918579 0 72 5
P 3.59931069052 13.438581696 0 8 3
P 26.4006893095 16.561418304 0 8 3
P 24.3742341904 10.9394088427 0 72 5
P 5.62576580956 19.0605911573 0 72 5
P 8.32549215878 2.8964519578 0 81 3
P 21.6745078412 27.1035480422 0 81 3
P 6.55558750134 3.66152663622 0 48 2
P 23.4444124987 26.3384733638 0 48 2
P 2.10010476189 20.3584295514 0 16 3
P 27.8998952381 9.64157044862 0 16 3
P 8.20780602732 9.5440029451 0 62 1
P 21.7921939727 20.4559970549 0 62 1
P 17.7731038293 13.8681366317 0 22 4
P 12.2268961707 16.1318633683 0 22 4
P 25.4588219081 15.3747052291 0 2 5
P 4.54117809186 14.6252947709 0 2 5
P 21.6621076632 16.0231526741 0 40 5
P 8.33789233684 13.9768473259 0 40 5
P 18.2285193359 4.57945866975 0 80 2
P 11.7714806641 25.4205413302 0 80 2
P 8.0057342001 17.3501248957 0 24 2
P 21.9942657999 12.6498751043 0 24 2
P 11.5635555665 2.15314343162 0 88 1
P 18.4364444335 27.8468565684 0 88 1
