P 15 15 0 12 2
P 7.14972733769 15.9036389473 1 100 5
P 22.8502726623 14.0963610527 2 100 5
P 13.369480664 0.835026913595 0 80 2
P 16.630519336 29.1649730864 0 80 2
P 6.01057962445 17.9452330449 0 14 3
P 23.9894203755 12.0547669551 0 14 3
P 14.4718279762 8.95683338037 0 28 4
P 15.5281720238 21.0431666196 0 28 4
P 25.0160843483 23.1471366629 0 95 4
P 4.98391565174 6.85286333706 0 95 4
P 13.4318719036 29.4565452283 0 52 4
P 16.5681280964 0.543454771653 0 52 4
P 15.0107914325 29.2805542474 0 68 3
P 14.9892085675 0.719445752598 0 68 3
P 9.43579714115 11.0566979354 0 77 3
P 20.5642028589 18.9433020646 0 77 3
P 10.2335639352 20.5004311638 0 42 2
P 19.7664360648 9.49956883619 0 42 2
P 17.0899667748 24.3161373367 0 1 3
P 12.9100332252 5.6838626633 0 1 3
P 15.8932330356 10.6322410972 0 29 5
P 14.1067669644 19.3677589028 0 29 5
