P 15 15 0 86 5
P 12.2726316673 13.4244874162 1 100 5
P 17.3213955133 12.8711738458 2 100 5
P 13.5440863523 1.71537337841 0 84 3
P 19.7178045294 5.00199355272 0 4 4
P 8.22874797486 6.26112372732 0 4 4
P 2.45223340903 8.55879078195 0 15 2
P 25.8548479875 5.99400767376 0 15 2
P 8.60905260121 12.9060086388 0 32 2
P 20.7857184649 11.5715206987 0 32 2
P 10.0974504114 6.39591238637 0 73 1
P 17.9226520038 5.53831825751 0 73 1
P 4.2589762962 24.6166231649 0 61 1
P 27.5688984133 22.0619985823 0 61 1
P 18.8098503246 6.29992701574 0 20 3
P 9.39626517697 7.33159824603 0 20 3
P 19.2654715589 14.2160552017 0 86 1
P 10.6659842157 15.1585063027 0 86 1
