P 15 15 0 24 0
P 15.8147162932 6.52433309893 1 100 5
P 19.9801723045 8.093584441 2 100 5
P 10.503430179 26.9357959358 0 36 4
P 29.355699732 11.7138708666 0 16 2
P 6.38096281907 3.05860319931 0 16 2
P 16.8198609216 1.00777108465 0 17 4
P 22.8647893604 3.28507566774 0 17 4
P 13.8552007785 8.10184060663 0 97 3
P 20.411743872 10.5718856679 0 97 3
P 3.60181417235 21.8126710389 0 61 3
P 19.0698128401 27.639926831 0 61 3
P 27.1459061962 10.5736726542 0 76 1
P 8.79378355163 3.65988146026 0 76 1
P 21.7109681363 24.192584429 0 10 3
P 3.89178466917 17.4795672961 0 10 3
P 6.57168781709 25.4071639312 0 64 5
P 14.4664659577 28.3813619923 0 64 5
P 4.84386806595 24.9997226993 0 14 1
P 16.0336339768 29.2152407903 0 14 1
P 6.60808745835 17.8547495858 0 50 4
P 19.422311219 22.6822493312 0 50 4
