P 15 15 0 62 2
P 21.7366877451 16.5983315203 1 100 5
P 8.26331225494 13.4016684797 2 100 5
P 14.2899797118 17.9926113034 0 54 3
P 15.7100202882 12.0073886966 0 54 3
P 13.3795157047 21.830057816 0 6 1
P 16.6204842953 8.16994218395 0 6 1
P 19.3359695076 5.50487971407 0 26 4
P 10.6640304924 24.4951202859 0 26 4
P 22.8594647984 5.7397214172 0 83 3
P 7.14053520163 24.2602785828 0 83 3
P 27.3510070167 17.096612382 0 7 2
P 2.64899298327 12.903387618 0 7 2
P 21.840556956 3.07613385507 0 41 2
P 8.159443044 26.9238661449 0 41 2
P 19.5828077883 7.11486481462 0 93 5
P 10.4171922117 22.8851351854 0 93 5
P 18.2079734067 19.9434718601 0 86 2
P 11.7920265933 10.0565281399 0 86 2
P 25.9594471677 16.2753354213 0 45 2
P 4.04055283228 13.7246645787 0 45 2
P 18.0765865478 4.34968141619 0 34 5
P 11.9234134522 25.6503185838 0 34 5
P 15.9463775217 3.48800779408 0 100 1
P 14.0536224783 26.5119922059 0 100 1
