P 15 15 0 43 3
P 18.6781488931 3.16149754474 1 100 5
P 11.6665987037 26.9401572628 2 100 5
P 3.71410226596 11.6721573322 0 37 3
P 2.71527145172 11.3776347448 0 34 1
P 8.82088777531 13.1779816019 0 36 2
P 1.69150085497 11.07575823 0 4 5
P 12.7844071565 14.3466940271 0 62 4
P 23.4842839531 15.0533798214 0 88 2
P 22.1559006717 19.5583998485 0 88 2
P 14.6138846759 20.670657793 0 16 3
P 17.7523332973 10.0270626115 0 16 3
P 20.3818959968 13.7944024876 0 23 5
P 18.866771733 18.9327275837 0 23 5
P 16.1805398633 11.5774862072 0 77 4
P 14.1347512364 18.5154828413 0 77 4
P 22.7539789157 22.4489751435 0 20 1
P 25.5549923798 12.9497425586 0 20 1
P 20.0115665867 6.43785398033 0 54 3
P 14.5643141521 24.9114238108 0 54 3
