P 14 14 0 28 4
P 19.5120787288 9.69053259474 1 100 5
P 12.2285815249 20.7687958912 2 100 5
P 7.24004846792 8.31704094017 0 18 3
P 6.10294419277 10.0465865421 0 18 3
P 9.88599824874 19.9673876157 0 54 3
P 17.8477179835 7.85754188579 0 54 3
P 22.9576361604 17.2960005627 0 3 2
P 20.5768130366 20.9172534703 0 3 2
P 22.7057843354 9.06012304351 0 67 1
P 12.9158109016 23.9507587268 0 67 1
P 13.2551582003 4.84573945836 0 49 2
P 5.30042921175 16.9449522018 0 49 2
P 7.16126371238 15.6748847546 0 33 1
P 12.8267787765 7.057586521 0 33 1
