P 15 15 0 60 3
P 23.4263004499 14.1363583319 1 100 5
P 6.57369955015 15.8636416681 2 100 5
P 7.193245315 12.284872714 0 41 1
P 22.806754685 17.715127286 0 41 1
P 10.2233694115 4.52329819678 0 100 2
P 19.7766305885 25.4767018032 0 100 2
P 18.2675882731 3.60411438081 0 63 5
P 11.7324117269 26.3958856192 0 63 5
P 12.5216424448 5.9629713812 0 66 3
P 17.4783575552 24.0370286188 0 66 3
P 22.6406199205 12.2716456131 0 72 4
P 7.35938007949 17.7283543869 0 72 4
P 2.53053994526 20.0611509724 0 32 3
P 27.4694600547 9.93884902756 0 32 3
P 20.0774060492 17.8913223757 0 68 3
P 9.92259395085 12.1086776243 0 68 3
P 9.60337260119 14.7010949363 0 18 5
P 20.3966273988 15.2989050637 0 18 5
P 1.23757969833 15.9085827809 0 84 5
P 28.7624203017 14.0914172191 0 84 5
P 28.9177400883 18.9650052953 0 37 5
P 1.08225991168 11.0349947047 0 37 5
P 26.780430889 19.0061506605 0 70 3
P 3.21956911096 10.9938493395 0 70 3
P 7.2844206586 19.6103346936 0 50 2
P 22.7155793414 10.3896653064 0 50 2
