P 15 15 0 16 0
P 8.13207429647 22.2335320813 1 100 5
P 17.6831509683 5.39307069234 2 100 5
P 11.30097481 12.9020958877 0 40 1
P 13.5881121037 4.30911966353 0 39 3
P 5.10001052118 19.2753430412 0 39 3
P 13.7611959275 27.5542456533 0 89 1
P 25.1387394025 7.49335742281 0 89 1
P 8.8595207491 13.1241206479 0 8 4
P 10.2384519397 10.6927887394 0 8 4
P 22.1078420228 14.5861254151 0 30 4
P 18.2928877315 21.3126540204 0 30 4
P 7.45050860731 16.9294741587 0 83 3
P 12.781184234 7.53042521865 0 83 3
P 9.35675380453 4.93052846784 0 70 1
P 3.4615887542 15.3248853371 0 70 1
P 10.6546742447 9.30357824253 0 92 1
P 7.88087051755 14.1943498458 0 92 1
P 6.53966830029 3.14448284935 0 10 5
P 0.482867442884 13.8238360244 0 10 5
