P 15 15 0 6 3
P 5.61361168714 22.55571965 1 100 5
P 3.22688876855 12.4334776602 2 100 5
P 27.584367809 8.64771233491 0 50 2
P 29.0965998841 15.0611836638 0 50 2
P 9.42511580771 18.2088620863 0 87 2
P 8.57882467466 14.6196881709 0 87 2
P 14.6722080529 25.0123628772 0 82 1
P 10.2337897277 6.18875164435 0 82 1
P 13.1635199767 4.66915193911 0 8 3
P 17.9721978531 25.0630572122 0 8 3
P 17.2594379283 27.3793688171 0 31 5
P 11.4910456909 2.91525458611 0 31 5
P 18.9529134297 2.2157426945 0 47 1
P 24.2477937791 24.6716632311 0 47 1
