P 15 15 0 93 1
P 27.0985510266 6.53055259952 1 100 5
P 2.9014489734 23.4694474005 2 100 5
P 6.87967636055 3.40017001596 0 71 1
P 23.1203236394 26.599829984 0 71 1
P 24.8347799115 4.45937468388 0 4 2
P 5.16522008854 25.5406253161 0 4 2
P 25.9541946523 9.01935759419 0 33 3
P 4.04580534772 20.9806424058 0 33 3
P 9.91844596308 15.1850950433 0 16 5
P 20.0815540369 14.8149049567 0 16 5
P 12.3124579338 23.0800757229 0 23 2
P 17.6875420662 6.91992427707 0 23 2
P 14.3944753439 23.4052609977 0 62 5
P 15.6055246561 6.59473900234 0 62 5
P 3.80634844393 17.7247026446 0 58 2
P 26.1936515561 12.2752973554 0 58 2
P 13.4926406732 10.5630933049 0 8 1
P 16.5073593268 19.4369066951 0 8 1
P 22.3324311168 5.24447257834 0 83 1
P 7.6675688832 24.7555274217 0 83 1
P 18.5390475973 5.69109036899 0 6 2
P 11.4609524027 24.308909631 0 6 2
P 15.2517472151 0.408097311544 0 51 1
P 14.7482527849 29.5919026885 0 51 1
P 10.9987067577 19.8829419394 0 76 4
P 19.0012932423 10.1170580606 0 76 4
