P 15 15 0 24 1
P 12.8663084479 21.0292490988 1 100 5
P 11.7572045748 9.48739969114 2 100 5
P 0.843235553223 16.3603818351 0 32 5
P 7.80063852954 15.691816312 0 37 2
P 4.9241820593 15.9682268679 0 23 5
P 2.10619528976 16.2390188294 0 27 4
P 6.19040934547 15.8465498699 0 29 2
P 17.8098253248 2.07438935392 0 57 3
P 20.2198292373 27.1540080493 0 57 3
P 3.61118721689 8.09124160268 0 78 4
P 5.13522666336 23.9511030727 0 78 4
P 28.9222927133 10.0248742679 0 38 5
P 29.6149383045 17.2328656029 0 38 5
P 4.16748030651 6.02096681629 0 87 1
P 6.07558205255 25.8775587391 0 87 1
P 19.9902602249 5.51465605509 0 83 3
P 21.7052346652 23.3614756443 0 83 3
P 8.8126798408 14.8842258878 0 52 4
P 8.94794959186 16.2919056679 0 52 4
P 14.063317426 8.49945732822 0 76 3
P 15.3183549801 21.5599603184 0 76 3
P 27.4652044425 10.8321094653 0 89 1
P 28.0307919247 16.7178751758 0 89 1
