P 15 15 0 88 4
P 8.44708001682 20.4350227548 1 100 5
P 21.5529199832 9.56497724518 2 100 5
P 13.1541722948 12.7745150664 0 17 3
P 16.8458277052 17.2254849336 0 17 3
P 9.41267856229 8.26345593142 0 66 3
P 20.5873214377 21.7365440686 0 66 3
P 4.40683753518 11.4982066146 0 87 2
P 25.5931624648 18.5017933854 0 87 2
P 17.9875647469 23.5120405623 0 100 3
P 12.0124352531 6.48795943769 0 100 3
P 9.50925028372 23.5399237433 0 14 2
P 20.4907497163 6.46007625665 0 14 2
P 17.4293433356 9.77731450694 0 87 2
P 12.5706566644 20.2226854931 0 87 2
P 18.1536994027 4.45043788435 0 2 2
P 11.8463005973 25.5495621157 0 2 2
P 1.2095937775 20.8148223615 0 62 3
P 28.7904062225 9.18517763848 0 62 3
P 7.39247207788 22.6636510157 0 45 4
P 22.6075279221 7.33634898429 0 45 4
P 10.1015965603 16.5154642801 0 22 5
P 19.8984034397 13.4845357199 0 22 5
P 23.2697546973 11.1345772027 0 99 1
P 6.7302453027 18.8654227973 0 99 1
P 16.8201334784 21.7892632212 0 73 4
P 13.1798665216 8.21073677875 0 73 4
