P 15 15 0 9 3
P 18.9260659971 13.7069974032 1 100 5
P 13.4952182724 18.8498677745 2 100 5
P 23.4633837082 23.9372947083 0 100 4
P 25.2635139935 25.8382241034 0 32 3
P 17.5744032947 17.718558172 0 61 3
P 19.2827510148 19.5225655957 0 72 5
P 21.5790423068 21.9474387575 0 81 4
P 21.2362123295 13.2796635166 0 21 3
P 12.9427765342 21.1333297194 0 21 3
P 8.60118399223 15.3109927115 0 1 4
P 15.6588194466 8.62759702273 0 1 4
P 12.2910780172 5.23863744907 0 99 2
P 5.40055452695 11.7637824904 0 99 2
P 18.358132375 9.50468440856 0 63 4
P 9.33004748559 18.0540440373 0 63 4
P 11.3238870991 3.99644358781 0 40 3
P 4.21284634172 10.7304126981 0 40 3
P 21.9220508182 17.9706247546 0 34 1
P 17.5894536204 22.0734806786 0 34 1
