P 15 15 0 34 3
P 12.4988857515 15.7889920743 1 100 5
P 13.9019230406 12.6183392415 2 100 5
P 27.559628065 20.5577281529 0 68 2
P 23.4453938765 18.737149147 0 79 2
P 25.8740127636 19.8118309362 0 18 3
P 18.3666458517 16.489765647 0 41 5
P 5.63429604311 22.2056069549 0 8 2
P 14.0343715661 3.22270218072 0 8 2
P 9.91012057669 24.5159158688 0 36 1
P 18.6197222182 4.83352871301 0 36 1
P 27.6126172662 15.1574833477 0 46 2
P 23.5985705972 24.2286238949 0 46 2
P 8.46823338723 21.500793555 0 14 1
P 15.4185731204 5.79407318781 0 14 1
P 18.5408635447 19.0119426626 0 80 3
P 20.3504576791 14.9225326281 0 80 3
P 9.32253034597 10.7609673661 0 7 4
P 8.04460104516 13.6488949995 0 7 4
P 17.9884436801 11.1622056783 0 86 2
P 14.1694047275 19.7926581745 0 86 2
P 4.6468343031 20.9404669243 0 3 2
P 12.4339774732 3.34269689774 0 3 2
P 21.8391873789 16.9015093485 0 56 4
P 21.006668436 18.7828766971 0 56 4
