P 14 14 0 16 4
P 13.0510197248 21.2536751762 1 100 5
P 14.9489802752 6.74632482376 2 100 5
P 6.67881241128 13.0421872439 0 67 4
P 21.3211875887 14.9578127561 0 67 4
P 2.93402405925 12.5522659013 0 57 2
P 25.0659759408 15.4477340987 0 57 2
P 17.3244371312 25.457762151 0 48 4
P 10.6755628688 2.54223784905 0 48 4
P 8.60049312412 23.9057924975 0 22 2
P 19.3995068759 4.09420750254 0 22 2
P 22.3080153813 8.52493349998 0 26 1
P 5.69198461873 19.4750665 0 26 1
P 23.808729738 17.2818466148 0 23 1
P 4.19127026197 10.7181533852 0 23 1
P 7.64237384947 4.5368801629 0 15 1
P 20.3576261505 23.4631198371 0 15 1
P 23.2203105428 10.7764174179 0 51 4
P 4.77968945717 17.2235825821 0 51 4
P 8.9438877642 7.34888901911 0 16 4
P 19.0561122358 20.6511109809 0 16 4
P 12.7009373147 23.9052206394 0 60 1
P 15.2990626853 4.09477936056 0 60 1
P 11.4187356428 23.9000832948 0 81 1
P 16.5812643572 4.09991670516 0 81 1
