P 15 15 0 58 3
P 21.1253784036 5.44149052925 1 100 5
P 5.34121060743 9.03400038889 2 100 5
P 13.1159028919 6.72196985927 0 9 4
P 16.0658762963 7.98714828792 0 80 4
P 11.0040598964 9.13922836963 0 80 4
P 17.5977191082 5.5999864964 0 18 4
P 8.58998047636 7.65016679514 0 18 4
P 13.9500156288 26.6482946761 0 34 2
P 20.9877627706 25.0464885927 0 34 2
P 17.8728405386 7.47553345926 0 49 5
P 9.1536674499 9.46003563217 0 49 5
P 25.7427031896 19.0725634221 0 61 2
P 7.07802588995 23.3206833161 0 61 2
P 25.4555836347 20.2971730491 0 71 1
P 7.86685580116 24.3004045769 0 71 1
P 4.88725124169 4.79509723725 0 42 1
P 19.7000887367 1.42366420151 0 42 1
P 20.4354386841 22.6754377237 0 90 5
P 13.4217795406 24.2717613279 0 90 5
P 15.0092537478 0.359179511174 0 78 3
P 8.65533340029 1.80534517479 0 78 3
P 16.9490075617 28.7795363761 0 96 4
P 19.2065487137 28.2657152516 0 96 4
