P 15 15 0 53 1
P 29.1789312478 15.446592233 1 100 5
P 0.821068752185 14.553407767 2 100 5
P 14.9156189632 17.6790276036 0 60 4
P 15.0843810368 12.3209723964 0 60 4
P 14.4287172101 8.01036679281 0 87 4
P 15.5712827899 21.9896332072 0 87 4
P 24.0774794885 7.33618640993 0 71 4
P 5.92252051151 22.6638135901 0 71 4
P 1.33442939077 15.4417787893 0 7 2
P 28.6655706092 14.5582212107 0 7 2
P 20.1297107648 20.9914967739 0 9 2
P 9.87028923519 9.0085032261 0 9 2
P 3.42803097592 20.5704147497 0 35 1
P 26.5719690241 9.42958525026 0 35 1
P 3.94211469446 15.6377026806 0 13 4
P 26.0578853055 14.3622973194 0 13 4
P 18.4971126655 18.0397192164 0 99 5
P 11.5028873345 11.9602807836 0 99 5
P 15.8463721477 3.87302275127 0 24 2
P 14.1536278523 26.1269772487 0 24 2
P 20.8871668313 15.5989926982 0 79 5
P 9.11283316871 14.4010073018 0 79 5
