P 15 15 0 7 5
P 8.75759143564 13.8696389393 1 100 5
P 21.2424085644 16.1303610607 2 100 5
P 17.5691732129 12.2709654926 0 21 4
P 12.4308267871 17.7290345074 0 21 4
P 13.217453741 23.8031435755 0 9 2
P 16.782546259 6.19685642455 0 9 2
P 20.6564635074 26.3667230486 0 84 4
P 9.3435364926 3.63327695138 0 84 4
P 20.9774257169 23.4236357116 0 15 5
P 9.02257428307 6.57636428841 0 15 5
P 24.1540882443 24.0855006603 0 33 5
P 5.84591175571 5.91449933972 0 33 5
P 20.5867038833 22.3129428188 0 7 2
P 9.41329611668 7.68705718119 0 7 2
P 11.0577223538 25.8522597339 0 63 4
P 18.9422776462 4.14774026606 0 63 4
P 12.9000024399 4.35915450714 0 42 3
P 17.0999975601 25.6408454929 0 42 3
P 18.5273647509 26.6558921064 0 29 1
P 11.4726352491 3.3441078936 0 29 1
