P 15 15 0 41 3
P 17.3148153411 22.1930598277 1 100 5
P 12.6851846589 7.80694017229 2 100 5
P 3.41214023474 18.7291161477 0 44 3
P 26.5878597653 11.2708838523 0 44 3
P 24.2061265863 11.5578083878 0 18 3
P 5.7938734137 18.4421916122 0 18 3
P 10.812714387 27.8532883601 0 96 4
P 19.187285613 2.14671163988 0 96 4
P 7.99981339129 13.9174603103 0 86 1
P 22.0001866087 16.0825396897 0 86 1
P 24.8751771923 23.8774902399 0 67 3
P 5.12482280774 6.12250976014 0 67 3
P 3.68410295895 17.5246783055 0 63 3
P 26.3158970411 12.4753216945 0 63 3
P 19.2794893725 15.581179457 0 30 2
P 10.7205106275 14.418820543 0 30 2
P 12.2132753296 22.0944546638 0 19 1
P 17.7867246704 7.90554533623 0 19 1
P 6.67621985172 12.9077539221 0 17 3
P 23.3237801483 17.0922460779 0 17 3
P 14.0737950156 2.58857796962 0 84 2
P 15.9262049844 27.4114220304 0 84 2
