P 15 15 0 27 0
P 5.70075643989 5.92867472622 1 100 5
P 24.2992435601 24.0713252738 2 100 5
P 5.35553980815 14.0329132083 0 7 3
P 24.6444601919 15.9670867917 0 7 3
P 7.53853654143 25.1153098362 0 6 2
P 22.4614634586 4.88469016377 0 6 2
P 1.51783498052 19.3453315142 0 64 3
P 28.4821650195 10.6546684858 0 64 3
P 18.2075013433 29.0697234077 0 3 1
P 11.7924986567 0.930276592322 0 3 1
P 14.9421912745 7.41071228467 0 20 2
P 15.0578087255 22.5892877153 0 20 2
P 25.2745189155 22.4277768302 0 51 2
P 4.72548108449 7.57222316979 0 51 2
P 3.36391073577 13.3916081659 0 71 5
P 26.6360892642 16.6083918341 0 71 5
P 18.0364592728 14.5281601014 0 35 2
P 11.9635407272 15.4718398986 0 35 2
P 3.54446972406 19.4629983251 0 75 3
P 26.4555302759 10.5370016749 0 75 3
P 8.43088244316 5.37982452658 0 64 4
P 21.5691175568 24.6201754734 0 64 4
