P 15 15 0 80 3
P 22.3471636485 9.07728375606 1 100 5
P 14.905168529 5.56334866726 2 100 5
P 10.0236832708 25.5391032777 0 51 1
P 9.28920956871 27.0946100152 0 10 3
P 11.3981669503 22.6281500083 0 2 1
P 12.2891258413 20.7412307708 0 36 2
P 10.6358432759 24.2426388709 0 66 2
P 25.444561882 13.5647803299 0 25 4
P 9.47190583316 6.02286775799 0 25 4
P 10.0832498207 8.23594242073 0 96 4
P 23.3472015979 14.4988685337 0 96 4
P 19.9123067716 6.62218424811 0 50 2
P 18.3480585313 5.88358301402 0 50 2
P 24.8407473237 11.6661812287 0 53 5
P 11.3216464177 5.2827796973 0 53 5
P 20.7158544248 9.25469099487 0 3 3
P 15.8046919604 6.93575557049 0 3 3
P 5.28648770385 20.3063413168 0 26 4
P 17.074343276 25.8722895138 0 26 4
P 0.873797051087 19.7137999293 0 73 5
P 20.3356741889 28.9032406466 0 73 5
P 6.74170002384 10.6251562448 0 62 2
P 23.6254532161 18.5972674623 0 62 2
P 10.9846690777 14.7396428071 0 28 4
P 17.7523428628 17.9351792192 0 28 4
