P 15 15 0 42 2
P 28.8211865186 12.1519476606 1 100 5
P 1.17881348144 17.8480523394 2 100 5
P 5.53277446292 6.17400522536 0 71 2
P 24.4672255371 23.8259947746 0 71 2
P 25.6710874519 21.816367977 0 62 3
P 4.32891254807 8.18363202299 0 62 3
P 19.2234023664 12.9639235799 0 36 5
P 10.7765976336 17.0360764201 0 36 5
P 23.5023760384 18.89463138 0 24 1
P 6.49762396159 11.10536862 0 24 1
P 23.3070691939 8.18279347739 0 38 4
P 6.69293080606 21.8172065226 0 38 4
P 19.8539752883 28.9327353658 0 5 3
P 10.1460247117 1.06726463416 0 5 3
P 9.69077722513 13.2745677922 0 96 4
P 20.3092227749 16.7254322078 0 96 4
P 3.88243483019 18.0473240941 0 16 3
P 26.1175651698 11.9526759059 0 16 3
P 5.12614872709 10.6900152665 0 84 3
P 24.8738512729 19.3099847335 0 84 3
