P 15 15 0 74 0
P 9.84887054462 2.79827272092 1 100 5
P 20.1511294554 27.2017272791 2 100 5
P 6.0840774171 18.7639811469 0 73 1
P 23.9159225829 11.2360188531 0 73 1
P 12.892980189 15.8895078183 0 11 2
P 17.107019811 14.1104921817 0 11 2
P 25.7669948068 12.5127324902 0 82 1
P 4.2330051932 17.4872675098 0 82 1
P 12.6560656423 9.24054942994 0 50 2
P 17.3439343577 20.7594505701 0 50 2
P 12.2845025885 20.5272675853 0 47 5
P 17.7154974115 9.47273241473 0 47 5
P 3.42147644833 11.9929325997 0 43 4
P 26.5785235517 18.0070674003 0 43 4
P 20.802949075 8.83774281106 0 67 5
P 9.19705092498 21.1622571889 0 67 5
P 8.38634565154 13.2304445774 0 68 3
P 21.6136543485 16.7695554226 0 68 3
P 0.73057213794 19.2332309543 0 57 5
P 29.2694278621 10.7667690457 0 57 5
P 2.56099167656 18.813887937 0 3 1
P 27.4390083234 11.186112063 0 3 1
P 29.0067103385 13.6255591968 0 59 5
P 0.993289661479 16.3744408032 0 59 5
P 14.2211994918 24.6238017706 0 51 2
P 15.7788005082 5.37619822935 0 51 2
