P 14 14 0 19 2
P 5.88163981097 11.9484322415 1 100 5
P 12.7110632879 5.72622549385 2 100 5
P 21.7405244938 22.4959117955 0 74 2
P 2.14203398949 15.3217195232 0 16 2
P 16.4169919753 2.31597457229 0 16 2
P 17.6766586751 14.436412546 0 61 4
P 14.0931590385 17.7012965724 0 61 4
P 19.4449720813 4.90820604817 0 83 1
P 4.4419277134 18.5773018682 0 83 1
P 17.6663946776 16.1032933709 0 15 2
P 15.7537925016 17.8458425341 0 15 2
P 23.7116797535 18.8820237626 0 21 4
P 17.9592304796 24.1230120844 0 21 4
P 23.7860616274 11.7791350426 0 24 4
P 10.8801176111 23.5375875993 0 24 4
