P 15 15 0 41 0
P 6.62343492454 23.0530957817 1 100 5
P 18.1151834255 3.80558950376 2 100 5
P 10.1391498299 18.8049420896 0 93 3
P 16.0434356925 8.91586566251 0 93 3
P 19.8641810971 24.7734797355 0 14 3
P 25.9112475759 14.6452603436 0 14 3
P 12.2048200096 11.1930431396 0 90 1
P 10.3226555914 14.3454765096 0 90 1
P 16.7891870412 25.2477013331 0 1 3
P 24.8698823581 11.7133611212 0 1 3
P 16.9555586731 29.3303473604 0 57 2
P 28.5427703446 9.92295001146 0 57 2
P 28.4131754768 16.6172480018 0 12 5
P 22.7870764714 26.0403898255 0 12 5
P 2.82896940412 8.51222212887 0 30 4
P 3.51468161521 7.36372413602 0 30 4
