P 15 15 0 90 1
P 20.9685660667 2.23433381522 1 100 5
P 9.03143393335 27.7656661848 2 100 5
P 9.34961374799 12.3581712729 0 54 4
P 20.650386252 17.6418287271 0 54 4
P 6.0080964923 10.7958504183 0 71 5
P 23.9919035077 19.2041495817 0 71 5
P 5.97023321706 19.1981101043 0 75 4
P 24.0297667829 10.8018898957 0 75 4
P 18.4354475845 24.7956563923 0 30 3
P 11.5645524155 5.20434360765 0 30 3
P 5.02856700643 16.6056476724 0 39 2
P 24.9714329936 13.3943523276 0 39 2
P 1.63847618245 17.7182017203 0 86 1
P 28.3615238176 12.2817982797 0 86 1
P 23.5738289473 20.5869242979 0 11 5
P 6.42617105272 9.41307570207 0 11 5
P 26.6091672297 12.1256981237 0 46 5
P 3.3908327703 17.8743018763 0 46 5
