P 14 14 0 90 5
P 19.5277163463 13.9043671776 1 100 5
P 8.47228365372 14.0956328224 2 100 5
P 13.914119339 9.0359727774 0 78 1
P 14.085880661 18.9640272226 0 78 1
P 13.80883586 2.95043443216 0 34 5
P 14.19116414 25.0495655678 0 34 5
P 14.6851684451 17.7371677689 0 17 2
P 13.3148315549 10.2628322311 0 17 2
P 6.21206009327 20.7583948549 0 20 1
P 21.7879399067 7.24160514509 0 20 1
P 4.15146584073 18.3007777759 0 34 5
P 23.8485341593 9.69922222408 0 34 5
P 7.55828065485 12.6462587156 0 26 2
P 20.4417193451 15.3537412844 0 26 2
P 12.9775118171 7.50837118613 0 71 1
P 15.0224881829 20.4916288139 0 71 1
P 15.8496768312 10.7916096041 0 63 2
P 12.1503231688 17.2083903959 0 63 2
P 11.0619309363 24.1846647795 0 90 3
P 16.9380690637 3.81533522054 0 90 3
P 25.4963660435 15.0770094602 0 44 4
P 2.50363395646 12.9229905398 0 44 4
P 6.82697263074 11.5959784397 0 58 4
P 21.1730273693 16.4040215603 0 58 4
