P 15 15 0 2 3
P 14.4537117131 17.8643995468 1 100 5
P 15.5462882869 12.1356004532 2 100 5
P 8.32380560082 13.7267394992 0 27 5
P 21.6761943992 16.2732605008 0 27 5
P 24.8111504856 20.4019559672 0 7 3
P 5.1888495144 9.59804403278 0 7 3
P 8.99532041506 1.25924926448 0 97 1
P 21.0046795849 28.7407507355 0 97 1
P 17.8858433078 23.0307663824 0 63 3
P 12.1141566922 6.96923361765 0 63 3
P 2.09861194932 13.7136489615 0 11 5
P 27.9013880507 16.2863510385 0 11 5
P 14.5979470991 29.8600064898 0 69 3
P 15.4020529009 0.139993510164 0 69 3
P 24.4612068252 17.81215613 0 38 5
P 5.5387931748 12.18784387 0 38 5
