P 15 15 0 69 1
P 7.36160439188 9.99363495402 1 100 5
P 22.6383956081 20.006365046 2 100 5
P 4.55767190899 6.05260853212 0 41 3
P 25.442328091 23.9473914679 0 41 3
P 2.65700963757 17.005194615 0 49 2
P 27.3429903624 12.994805385 0 49 2
P 22.8980886119 21.1739251968 0 100 1
P 7.10191138811 8.82607480321 0 100 1
P 0.917678561251 19.6931365941 0 50 2
P 29.0823214387 10.3068634059 0 50 2
P 11.3904933504 24.9057974337 0 80 5
P 18.6095066496 5.09420256632 0 80 5
P 6.11537857718 25.568916587 0 64 5
P 23.8846214228 4.43108341296 0 64 5
P 2.64465951188 14.0455836193 0 70 5
P 27.3553404881 15.9544163807 0 70 5
P 9.75903488657 17.9817689088 0 30 3
P 20.2409651134 12.0182310912 0 30 3
P 23.4412230686 16.5766589026 0 31 2
P 6.55877693144 13.4233410974 0 31 2
P 17.8274012852 3.88368647675 0 48 1
P 12.1725987148 26.1163135233 0 48 1
P 13.0943453628 10.0427525303 0 21 3
P 16.9056546372 19.9572474697 0 21 3
P 20.3646156931 26.0963240065 0 28 3
P 9.63538430692 3.90367599353 0 28 3
P 14.0746407198 12.4842235796 0 98 5
P 15.9253592802 17.5157764204 0 98 5
