P 15 15 0 56 1
P 9.39825361362 4.08118149755 1 100 5
P 7.96403902882 25.0546214886 2 100 5
P 26.0627830927 15.7564998811 0 49 3
P 19.1324027304 11.4170619744 0 44 1
P 18.6061958941 19.1121221279 0 44 1
P 12.4473149447 4.68656892902 0 23 2
P 11.067127666 24.8699329609 0 23 2
P 27.7264860057 7.90706910414 0 81 1
P 26.6424694228 23.7593390438 0 81 1
P 20.3528261883 19.2258845196 0 51 3
P 20.878260304 11.5421243553 0 51 3
P 13.8453749733 26.0762013232 0 18 5
P 15.3639073962 3.86972749157 0 18 5
P 24.5477764727 5.76362688682 0 32 3
P 23.201566693 25.4501161544 0 32 3
P 8.78565169127 17.3662944145 0 46 4
P 9.16561929781 11.8097843364 0 46 4
P 16.3963432485 2.03883100708 0 54 5
P 14.6189633107 28.0305981126 0 54 5
P 20.7643107123 27.9158407195 0 61 3
P 22.4688632273 2.98907574033 0 61 3
P 7.02261190666 11.4645241693 0 40 5
P 6.61559341374 17.416616713 0 40 5
P 23.5048480157 22.9050464018 0 41 2
P 24.5017786397 8.32629030708 0 41 2
P 25.6956303418 10.4861236517 0 11 3
P 24.9816008184 20.9278354564 0 11 3
P 14.0513070069 1.70966238152 0 54 1
P 12.250947339 28.0374768217 0 54 1
