P 15 15 0 26 3
P 3.63681062529 21.8033970204 1 100 5
P 21.9311309124 3.71426971533 2 100 5
P 8.72437963979 8.65319249881 0 6 2
P 5.56097158202 5.45390050249 0 93 3
P 13.5761604055 13.5600091624 0 28 3
P 10.9070899176 10.8606622259 0 45 5
P 13.5798531047 26.6488108025 0 30 4
P 26.664087801 13.7113316616 0 30 4
P 3.03458828585 14.3753078743 0 100 2
P 14.5103068079 3.02830344861 0 100 2
P 10.3614357994 21.0655202806 0 45 4
P 21.1174533221 10.4301445351 0 45 4
P 17.8072184767 24.0853704075 0 37 2
P 24.05312955 17.9095147994 0 37 2
P 15.2250098976 0.449863328388 0 56 2
P 0.448250968422 15.0608829908 0 56 2
P 19.9554758217 21.5025296562 0 4 4
P 21.4462226651 20.028503346 0 4 4
P 4.73756741855 16.3327035477 0 5 4
P 16.4483698799 4.75325193411 0 5 4
P 18.5162729692 14.2666571668 0 48 1
P 14.2270433856 18.5077778403 0 48 1
