P 15 15 0 8 3
P 17.4213905459 4.85396523593 1 100 5
P 24.9957199679 12.0182662875 2 100 5
P 8.39333873169 15.962997121 0 53 5
P 14.4058024093 21.6499823904 0 53 5
P 12.8679156718 4.26051230178 0 42 4
P 25.841414211 16.5317041194 0 42 4
P 15.9835094874 0.956786515019 0 45 2
P 28.9668126689 13.237252211 0 45 2
P 2.45147388916 10.0666439491 0 38 4
P 20.6233850808 27.2548378085 0 38 4
P 21.7773520666 5.10149808531 0 24 3
P 24.5063919086 7.68280422089 0 24 3
P 19.6019742654 5.01395258414 0 50 1
P 24.7147463213 9.84995009313 0 50 1
P 15.0635179028 0.291999223607 0 74 5
P 29.6817204344 14.1188607099 0 74 5
P 18.4509453744 6.54641035144 0 82 3
P 23.2486524826 11.0843986228 0 82 3
P 10.7997501312 28.1504006416 0 12 4
P 2.10346013305 19.9248751717 0 12 4
P 15.5011867657 7.83340702112 0 58 3
P 22.1276439285 14.101147883 0 58 3
P 22.5784553404 23.5796724966 0 13 5
P 6.01225890704 7.91026971303 0 13 5
P 6.54866124466 26.2369200507 0 40 2
P 4.25032860774 24.0630052379 0 40 2
P 5.39660228833 17.6250338851 0 100 5
P 12.9129456605 24.7344879008 0 100 5
