P 14 14 0 27 4
P 7.44421571426 11.0298228982 1 100 5
P 20.5557842857 16.9701771018 2 100 5
P 9.07509659454 24.8702623606 0 9 2
P 18.9249034055 3.12973763944 0 9 2
P 17.3530872411 18.5741494657 0 106 3
P 10.6469127589 9.42585053435 0 106 3
P 19.4183875532 21.818820593 0 87 2
P 8.58161244683 6.18117940703 0 87 2
P 23.8459285257 19.3645571098 0 79 1
P 4.15407147428 8.63544289024 0 79 1
P 6.67094579968 6.59059402637 0 40 2
P 21.3290542003 21.4094059736 0 40 2
P 10.1239669354 22.0730316783 0 42 5
P 17.8760330646 5.92696832167 0 42 5
P 18.7425419414 8.11449684965 0 5 2
P 9.25745805856 19.8855031504 0 5 2
P 8.64519378518 20.8900500702 0 21 2
P 19.3548062148 7.10994992978 0 21 2
P 11.9416940308 25.7428950144 0 53 1
P 16.0583059692 2.25710498564 0 53 1
