P 15 15 0 5 0
P 12.9317091214 29.280406635 1 100 5
P 18.4268596559 29.0165785311 2 100 5
P 14.6771249457 8.27498852049 0 77 2
P 14.8723703796 12.3416631272 0 4 3
P 14.37376265 1.95639904347 0 1 5
P 14.5561338513 5.75492236015 0 13 4
P 14.4357410233 3.24731720503 0 15 5
P 25.8132577177 20.5154943253 0 16 1
P 4.76486981893 21.5260501299 0 16 1
P 26.311150872 10.1883074357 0 7 3
P 3.27990850864 11.2940622217 0 7 3
P 5.87778065582 17.8277024117 0 2 5
P 24.3511591159 16.9407755875 0 2 5
P 8.07943964649 6.05794430518 0 100 2
P 21.0320682434 5.4360746363 0 100 2
P 2.01690596348 12.6106330155 0 44 5
P 27.6944734369 11.3778253068 0 44 5
P 25.9129761791 24.3091548951 0 94 4
P 5.02904773917 25.3118148237 0 94 4
