P 15 15 0 37 5
P 20.4817496918 21.5837185658 1 100 5
P 9.51825030819 8.41628143424 2 100 5
P 8.2319964719 20.6351894273 0 89 5
P 21.7680035281 9.36481057267 0 89 5
P 6.43778485513 22.1290897025 0 32 3
P 23.5622151449 7.87091029746 0 32 3
P 25.9127316649 10.0690672327 0 4 3
P 4.08726833507 19.9309327673 0 4 3
P 10.5752496928 2.16531426068 0 78 3
P 19.4247503072 27.8346857393 0 78 3
P 17.9841054853 0.597063827433 0 49 5
P 12.0158945147 29.4029361726 0 49 5
P 7.03412782534 12.4776062063 0 96 2
P 22.9658721747 17.5223937937 0 96 2
P 15.4827327376 3.95133212991 0 79 3
P 14.5172672624 26.0486678701 0 79 3
P 9.27807119588 23.8700658333 0 81 4
P 20.7219288041 6.12993416674 0 81 4
P 14.9164842238 7.37185448421 0 75 3
P 15.0835157762 22.6281455158 0 75 3
P 16.9458734535 4.94194841933 0 38 3
P 13.0541265465 25.0580515807 0 38 3
P 21.9766331647 24.3126989287 0 54 5
P 8.02336683533 5.6873010713 0 54 5
