P 15 15 0 43 5
P 9.2541101118 5.94948077233 1 100 5
P 20.7458898882 24.0505192277 2 100 5
P 24.9662110857 16.6477939817 0 85 2
P 5.03378891434 13.3522060183 0 85 2
P 22.577200112 8.76902108227 0 47 1
P 7.42279988799 21.2309789177 0 47 1
P 20.2673605294 10.4986817325 0 99 5
P 9.73263947064 19.5013182675 0 99 5
P 9.28445393731 23.7278512382 0 44 4
P 20.7155460627 6.27214876179 0 44 4
P 9.61250616168 8.66778958578 0 68 3
P 20.3874938383 21.3322104142 0 68 3
P 5.58098177267 15.7499568062 0 92 2
P 24.4190182273 14.2500431938 0 92 2
P 8.1253185304 24.5852529999 0 9 1
P 21.8746814696 5.41474700015 0 9 1
P 25.3218465825 20.8020584978 0 38 4
P 4.67815341749 9.19794150224 0 38 4
P 16.2942587118 19.5266014117 0 46 1
P 13.7057412882 10.4733985883 0 46 1
P 15.4149544138 29.319220778 0 7 3
P 14.5850455862 0.680779221965 0 7 3
