P 15 15 0 89 3
P 18.2127666562 29.3891551691 1 100 5
P 10.7568517915 0.880320494143 2 100 5
P 4.85283899498 17.6537867799 0 82 2
P 9.57558736211 16.4186465101 0 30 2
P 6.27468913557 17.281930346 0 11 5
P 12.5046190235 13.8444817124 0 73 2
P 13.3898351925 17.2292415803 0 73 2
P 22.3257383222 16.1124542724 0 6 2
P 20.8431344241 10.4434907468 0 6 2
P 6.70286854935 12.502851292 0 98 2
P 8.98775850524 21.2394786792 0 98 2
P 16.8110010285 1.52421416528 0 52 5
P 23.1765192373 25.8637498936 0 52 5
P 21.6253594764 8.85392099568 0 11 5
P 23.7860207849 17.1155410856 0 11 5
P 9.51003325333 13.3440353939 0 2 1
P 11.0236766567 19.1316832316 0 2 1
P 16.226399827 2.62534351037 0 87 5
P 22.1276849745 25.1898128872 0 87 5
P 24.584370418 8.70387077948 0 47 5
P 26.4396256876 15.7977240115 0 47 5
P 19.3077376943 9.45791848294 0 66 2
P 21.4694418364 17.7235260069 0 66 2
