P 15 15 0 61 4
P 17.3822808863 17.4248278049 1 100 5
P 13.3543083353 12.0256511554 2 100 5
P 13.3934090993 16.1985723877 0 93 3
P 4.5566683018 22.7910867067 0 40 5
P 6.36404228179 21.4427231963 0 63 1
P 13.0504622833 7.77711349623 0 16 1
P 21.3682156376 18.9263999221 0 16 1
P 13.6351759882 27.2809158367 0 14 4
P 2.83915128926 12.8097038998 0 14 4
P 14.8200233505 27.9247941782 0 38 3
P 2.5594902361 11.4905252591 0 38 3
P 24.7396713508 16.7388524258 0 14 1
P 16.1078205529 5.16854337334 0 14 1
P 28.2248096873 14.5294766781 0 22 3
P 19.2184883077 2.45721961209 0 22 3
P 26.3314324885 11.3137974963 0 68 3
P 21.7615394489 5.1882195591 0 68 3
P 5.82564427101 15.7667279262 0 15 3
P 11.6514672875 23.5757800478 0 15 3
P 24.3790382853 9.84649198425 0 68 5
P 22.6118504192 7.47771728655 0 68 5
P 4.13134796823 7.19228267179 0 63 3
P 19.3879508082 27.642544624 0 63 3
P 26.5747142727 13.8880368889 0 6 4
P 19.3632727637 4.22167344882 0 6 4
P 16.9947884791 12.5935272521 0 44 1
P 17.8750293983 13.7734201527 0 44 1
P 1.41332829435 12.6413058698 0 100 3
P 13.390410146 28.6956309288 0 100 3
