P 15 15 0 9 3
P 13.0416794493 27.3063405281 1 100 5
P 16.9583205507 2.69365947186 2 100 5
P 2.43311539541 21.1157309547 0 11 5
P 27.5668846046 8.8842690453 0 11 5
P 25.4585190357 24.3873823394 0 34 3
P 4.5414809643 5.61261766058 0 34 3
P 0.750412342152 11.3203179602 0 11 2
P 29.2495876578 18.6796820398 0 11 2
P 12.7625767669 21.1409061923 0 22 1
P 17.2374232331 8.85909380771 0 22 1
P 18.3264375919 7.65278525272 0 3 2
P 11.6735624081 22.3472147473 0 3 2
P 9.50124271284 20.6908230529 0 79 4
P 20.4987572872 9.30917694714 0 79 4
P 7.58517964902 9.32920619016 0 51 5
P 22.414820351 20.6707938098 0 51 5
P 16.1688543996 8.97527853248 0 73 4
P 13.8311456004 21.0247214675 0 73 4
P 12.677295869 4.46543421855 0 88 5
P 17.322704131 25.5345657815 0 88 5
P 18.8297221789 1.69429323661 0 10 3
P 11.1702778211 28.3057067634 0 10 3
P 16.5111784497 12.1839152942 0 89 5
P 13.4888215503 17.8160847058 0 89 5
