P 14 14 0 9 0
P 5.72308437512 14.130606663 1 100 5
P 20.1037563165 19.5918287877 2 100 5
P 17.4597008949 4.88980040555 0 34 1
P 15.4045532982 10.3014834878 0 6 4
P 11.3258913661 24.9166436988 0 74 2
P 8.75363859353 23.9398017398 0 74 2
P 18.9209795841 3.67525471697 0 10 2
P 17.1729896954 3.01143587089 0 10 2
P 3.65098094897 16.4716695115 0 53 1
P 20.0995417147 22.7181957057 0 53 1
P 10.7097481934 18.7487675764 0 37 3
P 13.3086463724 19.7357284286 0 37 3
P 11.1794581768 7.90169148267 0 47 1
P 20.157538221 11.3112184905 0 47 1
