P 15 15 0 99 3
P 5.89928998433 4.56710734752 1 100 5
P 22.2828632415 26.7740424194 2 100 5
P 22.9801138124 9.11252481157 0 46 3
P 26.7278342026 6.3475754225 0 83 3
P 13.7125603062 20.2653519335 0 48 1
P 9.58920420575 14.6763940326 0 48 1
P 14.8906068643 4.23679331472 0 28 2
P 25.2516571657 18.2805655558 0 28 2
P 22.5638525309 17.0677968341 0 16 3
P 15.2562463097 7.16278195495 0 16 3
P 17.658387145 20.2627507831 0 3 2
P 10.7560374967 10.9070364907 0 3 2
P 21.2208929627 9.42574975476 0 23 3
P 22.1617194506 10.7009827215 0 23 3
