P 15 15 0 76 3
P 17.4924767257 5.24466612704 1 100 5
P 12.5075232743 24.755333873 2 100 5
P 2.58600930139 11.8282394747 0 25 2
P 27.4139906986 18.1717605253 0 25 2
P 22.4489451393 7.71759848576 0 25 3
P 7.5510548607 22.2824015142 0 25 3
P 1.65512463196 20.0366832679 0 33 1
P 28.344875368 9.96331673206 0 33 1
P 19.2584151501 4.33439333649 0 99 3
P 10.7415848499 25.6656066635 0 99 3
P 5.75020322673 5.45623644633 0 66 1
P 24.2497967733 24.5437635537 0 66 1
P 8.58423391403 23.2405468541 0 58 4
P 21.415766086 6.75945314592 0 58 4
P 22.5966988105 10.2672668013 0 55 1
P 7.40330118947 19.7327331987 0 55 1
P 2.36228207934 22.2049358936 0 34 5
P 27.6377179207 7.79506410641 0 34 5
P 28.0646815131 11.6492407814 0 19 2
P 1.93531848692 18.3507592186 0 19 2
