P 15 15 0 61 0
P 16.6032604313 18.8397612079 1 100 5
P 13.3967395687 11.1602387921 2 100 5
P 5.01627610043 16.3411796725 0 17 5
P 24.9837238996 13.6588203275 0 17 5
P 11.453939703 11.825286443 0 96 1
P 18.546060297 18.174713557 0 96 1
P 25.3173797972 8.14567500923 0 71 2
P 4.68262020282 21.8543249908 0 71 2
P 18.4613697553 16.2768729515 0 19 3
P 11.5386302447 13.7231270485 0 19 3
P 23.042666371 25.9346680921 0 52 5
P 6.95733362896 4.06533190792 0 52 5
P 18.5968437371 26.8433159905 0 36 3
P 11.4031562629 3.15668400952 0 36 3
P 21.657908229 22.2726794371 0 32 3
P 8.34209177102 7.72732056295 0 32 3
