P 15 15 0 37 5
P 7.46758157811 19.2273189877 1 100 5
P 22.5324184219 10.7726810123 2 100 5
P 10.3157563605 6.65341362092 0 10 3
P 19.6842436395 23.3465863791 0 10 3
P 8.14057172326 2.77757626854 0 58 2
P 21.8594282767 27.2224237315 0 58 2
P 3.62214163838 18.3788413983 0 17 3
P 26.3778583616 11.6211586017 0 17 3
P 18.0768101072 10.8498300898 0 81 3
P 11.9231898928 19.1501699102 0 81 3
P 11.4760682369 3.31450682708 0 42 2
P 18.5239317631 26.6854931729 0 42 2
P 3.36734024222 7.03761539866 0 11 1
P 26.6326597578 22.9623846013 0 11 1
P 4.08008873163 22.4134433114 0 88 4
P 25.9199112684 7.58655668863 0 88 4
P 9.52125598393 10.655182087 0 59 5
P 20.4787440161 19.344817913 0 59 5
P 5.77475418441 18.4889927088 0 88 3
P 24.2252458156 11.5110072912 0 88 3
P 25.1310234134 13.3741466181 0 59 3
P 4.86897658664 16.6258533819 0 59 3
P 17.433399836 27.1025221885 0 23 3
P 12.566600164 2.89747781146 0 23 3
