P 15 15 0 17 4
P 4.63247537627 25.0962643944 1 100 5
P 25.3675246237 4.90373560564 2 100 5
P 5.24944937066 4.98747756634 0 69 4
P 24.7505506293 25.0125224337 0 69 4
P 12.7864716715 12.7269999522 0 18 3
P 17.2135283285 17.2730000478 0 18 3
P 24.201449781 7.52522005423 0 74 3
P 5.79855021897 22.4747799458 0 74 3
P 10.8292059097 2.18617850767 0 30 3
P 19.1707940903 27.8138214923 0 30 3
P 9.47445405453 4.91201872568 0 30 5
P 20.5255459455 25.0879812743 0 30 5
P 14.24841771 12.4228892399 0 31 1
P 15.75158229 17.5771107601 0 31 1
P 19.6939425832 18.9525932792 0 6 2
P 10.3060574168 11.0474067208 0 6 2
P 18.0793422049 9.46983568353 0 78 4
P 11.9206577951 20.5301643165 0 78 4
P 25.4663657443 14.1730855844 0 62 5
P 4.53363425573 15.8269144156 0 62 5
P 9.95139286989 13.7385726942 0 39 3
P 20.0486071301 16.2614273058 0 39 3
P 12.1403547645 26.767195751 0 35 3
P 17.8596452355 3.23280424903 0 35 3
