P 15 15 0 9 5
P 5.92236405532 26.4730006244 1 100 5
P 24.0776359447 3.52699937564 2 100 5
P 26.0271122421 18.2516325563 0 70 5
P 3.97288775792 11.7483674437 0 70 5
P 15.9470405684 29.7568716595 0 53 1
P 14.0529594316 0.243128340525 0 53 1
P 13.8920563171 8.54424117762 0 12 4
P 16.1079436829 21.4557588224 0 12 4
P 23.6113634632 19.7906702756 0 86 2
P 6.38863653684 10.2093297244 0 86 2
P 10.2085672647 20.8417454761 0 80 3
P 19.7914327353 9.15825452392 0 80 3
P 15.0717077287 23.6021500131 0 86 5
P 14.9282922713 6.39784998687 0 86 5
P 13.593586403 1.19511705088 0 50 4
P 16.406413597 28.8048829491 0 50 4
P 9.48063931125 10.6253858409 0 82 5
P 20.5193606888 19.3746141591 0 82 5
P 7.63819539892 24.9996015751 0 47 1
P 22.3618046011 5.00039842486 0 47 1
P 24.9426129435 8.65420141897 0 83 4
P 5.05738705651 21.345798581 0 83 4
P 10.2853919391 7.39347754761 0 27 4
P 19.7146080609 22.6065224524 0 27 4
