P 15 15 0 29 3
P 26.7467090237 7.73394917111 1 100 5
P 3.25329097628 22.2660508289 2 100 5
P 8.67891760218 25.0871317432 0 99 1
P 21.3210823978 4.91286825679 0 99 1
P 9.5713988239 10.7187418909 0 18 3
P 20.4286011761 19.2812581091 0 18 3
P 16.0226705446 23.6465844222 0 40 3
P 13.9773294554 6.35341557784 0 40 3
P 4.58637651163 19.3757830826 0 14 5
P 25.4136234884 10.6242169174 0 14 5
P 4.27737567004 24.6747576025 0 84 3
P 25.72262433 5.32524239746 0 84 3
P 11.1786664029 10.3186620636 0 34 2
P 18.8213335971 19.6813379364 0 34 2
