P 15 15 0 54 4
P 7.27008635695 18.2662685425 1 100 5
P 15.5160293109 23.3757858659 2 100 5
P 18.3112938525 5.62914814987 0 40 1
P 21.91728414 7.86356451009 0 40 1
P 14.8956415634 20.4714559871 0 86 4
P 10.1469641205 17.5289847872 0 86 4
P 6.54079800799 25.2210229075 0 65 3
P 9.61293185398 27.1246403826 0 65 3
P 15.8184617024 12.651548359 0 40 4
P 16.7386270582 13.2217197575 0 40 4
P 20.4727181686 19.032868422 0 69 5
P 8.95261583664 11.8945504927 0 69 5
P 19.4317931305 12.8593966754 0 21 3
P 14.9440868075 10.0786336592 0 21 3
P 21.6534498409 22.660840858 0 62 5
P 5.17831393734 12.4521851864 0 62 5
P 19.0015891334 18.1445761579 0 32 4
P 10.4028999568 12.8164831125 0 32 4
P 10.2158637004 7.6516774118 0 82 5
P 23.7097407819 16.0130254216 0 82 5
P 20.2827609567 3.84524755951 0 75 3
P 22.6371334456 5.30411128011 0 75 3
P 10.2463267119 25.7780645363 0 87 3
P 7.46466149852 24.0544330881 0 87 3
