P 15 15 0 20 4
P 4.10388222926 6.83803794712 1 100 5
P 25.8961177707 23.1619620529 2 100 5
P 9.18992227782 22.7563814568 0 33 5
P 20.8100777222 7.24361854321 0 33 5
P 4.99590065761 4.34893528642 0 94 3
P 25.0040993424 25.6510647136 0 94 3
P 22.8750856348 18.5478416274 0 20 3
P 7.12491436521 11.4521583726 0 20 3
P 6.57828282583 23.6894651477 0 39 2
P 23.4217171742 6.31053485227 0 39 2
P 5.26462193923 25.8770674642 0 67 3
P 24.7353780608 4.1229325358 0 67 3
P 25.5651112415 18.1995895894 0 37 3
P 4.43488875853 11.8004104106 0 37 3
P 20.6227314959 2.54288511119 0 68 5
P 9.37726850405 27.4571148888 0 68 5
