P 15 15 0 87 3
P 22.4841682329 20.843570074 1 100 5
P 7.51583176713 9.15642992595 2 100 5
P 10.7624891395 20.427203536 0 88 1
P 19.2375108605 9.57279646397 0 88 1
P 9.24800124709 22.3668880148 0 75 5
P 20.7519987529 7.63311198522 0 75 5
P 8.73876743482 26.6259108145 0 40 3
P 21.2612325652 3.37408918549 0 40 3
P 12.1513669701 8.62324233168 0 96 5
P 17.8486330299 21.3767576683 0 96 5
P 21.5779698016 27.7589483235 0 26 1
P 8.42203019839 2.2410516765 0 26 1
P 26.888617643 14.0704456081 0 75 3
P 3.11138235695 15.9295543919 0 75 3
