P 15 15 0 42 2
P 25.5638589899 8.26577772094 1 100 5
P 27.526188312 14.8013222824 2 100 5
P 24.4524509192 12.1618552319 0 55 3
P 7.87598805984 5.15713690547 0 26 1
P 14.4761974287 27.1391569266 0 26 1
P 4.89733041959 25.0184261168 0 75 5
P 1.04962185046 12.2036194834 0 75 5
P 29.360380118 14.5272880204 0 94 2
P 27.2456359003 7.48412512434 0 94 2
P 27.8993992527 8.70458300554 0 86 4
P 29.2337260483 13.1485629907 0 86 4
P 25.7525822114 15.2959005519 0 13 5
P 23.8111607334 8.82998963693 0 13 5
P 11.7084913531 24.6781869568 0 55 5
P 6.92167025355 8.73566280831 0 55 5
P 9.71381500956 10.9521255433 0 1 4
P 12.817892393 21.2902659532 0 1 4
P 24.0279904524 18.0536372553 0 41 2
P 20.8527112781 7.47835903611 0 41 2
