P 15 15 0 35 1
P 19.5960433221 25.8674008999 1 100 5
P 4.59703451359 9.43202679356 2 100 5
P 6.34193749239 22.901393359 0 18 4
P 4.7718424336 24.3342703635 0 50 5
P 7.13644262553 22.1763237978 0 26 4
P 9.40211294027 20.1086611582 0 47 4
P 12.4310989748 17.3443925801 0 50 3
P 12.5869590137 1.42461345813 0 34 4
P 28.2987513174 18.6410300687 0 34 4
P 7.84002347556 20.6301440459 0 71 1
P 8.74034413117 21.6166830218 0 71 1
P 24.0467113849 18.206227328 0 82 4
P 12.632173373 5.69858733177 0 82 4
P 5.5843387156 5.50225913141 0 11 5
P 23.5994747875 25.2425969563 0 11 5
P 1.94545902214 13.2913659833 0 60 5
P 15.5109690437 28.155963704 0 60 5
P 23.5341744516 13.4809765245 0 50 3
P 17.2909909082 6.63992066135 0 50 3
