P 15 15 0 27 4
P 4.11309037313 8.4496659825 1 100 5
P 25.8869096269 21.5503340175 2 100 5
P 12.8947963595 18.4989302407 0 75 3
P 17.1052036405 11.5010697593 0 75 3
P 28.5836926803 9.32067460668 0 48 5
P 1.41630731974 20.6793253933 0 48 5
P 23.4839875481 11.1465354383 0 40 4
P 6.51601245188 18.8534645617 0 40 4
P 3.49700363004 20.3841947884 0 25 1
P 26.50299637 9.61580521163 0 25 1
P 6.71687214521 10.5732172384 0 52 1
P 23.2831278548 19.4267827616 0 52 1
P 23.0025762351 16.1446600943 0 54 2
P 6.99742376492 13.8553399057 0 54 2
P 12.5079653827 25.05688956 0 78 3
P 17.4920346173 4.94311043998 0 78 3
P 25.8885439531 5.5175007244 0 71 4
P 4.11145604691 24.4824992756 0 71 4
P 10.9919150426 7.66843220113 0 65 4
P 19.0080849574 22.3315677989 0 65 4
P 3.64344232114 12.3174536295 0 69 3
P 26.3565576789 17.6825463705 0 69 3
