P 15 15 0 31 0
P 16.0370096183 12.6919488968 1 100 5
P 13.9629903817 17.3080511032 2 100 5
P 20.0209066545 14.7049234226 0 6 2
P 9.97909334554 15.2950765774 0 6 2
P 12.3267660565 27.8432988637 0 16 3
P 17.6732339435 2.15670113628 0 16 3
P 21.5680194574 26.2951535212 0 72 1
P 8.43198054256 3.70484647876 0 72 1
P 14.549532613 20.4238009333 0 12 2
P 15.450467387 9.57619906669 0 12 2
P 18.1766319406 5.03368701751 0 8 2
P 11.8233680594 24.9663129825 0 8 2
P 9.53855145717 4.2934846909 0 95 1
P 20.4614485428 25.7065153091 0 95 1
P 13.5827659741 28.7315543079 0 86 4
P 16.4172340259 1.2684456921 0 86 4
P 18.0877726574 21.5896849768 0 62 5
P 11.9122273426 8.41031502318 0 62 5
P 15.703043887 27.7127237217 0 19 5
P 14.296956113 2.28727627832 0 19 5
