P 15 15 0 76 3
P 23.1093604466 20.8444279271 1 100 5
P 11.3517124776 24.3063990245 2 100 5
P 16.303770661 19.4279042297 0 78 1
P 17.9374536637 24.9762664484 0 20 4
P 17.08638516 22.0858425876 0 38 4
P 18.5199962978 26.9547148598 0 36 2
P 21.5722949483 24.513679598 0 61 3
P 14.6319132642 26.5572346405 0 61 3
P 22.959152363 14.3060343643 0 64 1
P 7.93475520109 18.7298807719 0 64 1
P 4.11306070665 16.9099147058 0 2 4
P 25.1848011831 10.7054632124 0 2 4
P 10.0576604885 20.2801883589 0 8 5
P 22.0151021904 16.7593891583 0 8 5
P 25.1623329501 11.7767779753 0 96 2
P 4.71249631529 17.7981134977 0 96 2
P 15.2236095568 29.7719303455 0 59 5
P 22.8170749373 27.5360786049 0 59 5
