P 15 15 0 2 4
P 22.9652868877 6.32673544032 1 100 5
P 9.78270239414 4.44295879437 2 100 5
P 17.0361236591 0.751297940006 0 63 1
P 16.7414584592 2.81335179511 0 33 3
P 15.2459279919 13.2790069408 0 22 4
P 9.39312678057 22.4127144063 0 56 3
P 18.3063275714 23.6864008748 0 56 3
P 25.8988005211 23.757852802 0 61 5
P 2.08451455603 20.3548178536 0 61 5
P 7.69867025649 7.27547846154 0 4 4
P 24.1725820076 9.62958210785 0 4 4
P 25.3447938036 20.4874667757 0 97 3
P 3.5323132664 17.370487594 0 97 3
P 11.4003223182 3.19171278481 0 100 5
P 21.7628559835 4.67250730741 0 100 5
P 2.56982589807 18.5015103973 0 27 5
P 25.9519844053 21.842794813 0 27 5
P 25.2573889673 16.7988343073 0 30 5
P 4.64932671604 13.8539651577 0 30 5
P 8.45153473835 3.77938721791 0 21 2
P 24.4290294982 6.06255342892 0 21 2
P 13.1036595162 8.7249881351 0 47 3
P 18.5779395992 9.5072566636 0 47 3
P 21.512394951 16.2860913475 0 23 2
P 8.3880434677 14.4106361339 0 23 2
P 1.96226050822 14.2464441963 0 23 5
P 27.7269860032 17.9281947817 0 23 5
