P 15 15 0 95 1
P 6.63398043528 5.61156597898 1 100 5
P 20.9354652186 3.91382710928 2 100 5
P 13.4056966176 1.56983946651 0 99 2
P 14.2913328198 9.03029931448 0 76 5
P 14.4236626739 10.145025159 0 64 4
P 13.8306246457 5.14936623442 0 19 4
P 19.0437892433 25.7151098401 0 36 3
P 13.5772423384 26.3640472969 0 36 3
P 6.467938517 21.4074176106 0 100 1
P 24.7950494381 19.2317939568 0 100 1
P 3.38010352556 9.24422101218 0 13 1
P 24.9493924474 6.68371622899 0 13 1
P 16.8710596742 13.5387759223 0 35 3
P 12.8388375177 14.0174437243 0 35 3
