P 15 15 0 19 0
P 6.13542813811 18.3457420328 1 100 5
P 23.8645718619 11.6542579672 2 100 5
P 10.4747927715 3.0104251095 0 14 1
P 19.5252072285 26.9895748905 0 14 1
P 11.9412213751 16.4471307998 0 71 2
P 18.0587786249 13.5528692002 0 71 2
P 1.73286848319 11.9929889612 0 97 3
P 28.2671315168 18.0070110388 0 97 3
P 22.0908252476 10.403107263 0 56 2
P 7.90917475237 19.596892737 0 56 2
P 5.77786970591 10.0763978571 0 38 1
P 24.2221302941 19.9236021429 0 38 1
P 24.6153435976 22.7923504933 0 20 1
P 5.38465640241 7.20764950668 0 20 1
P 6.95869750266 8.25167628143 0 69 4
P 23.0413024973 21.7483237186 0 69 4
P 6.49153526338 11.4097478984 0 29 3
P 23.5084647366 18.5902521016 0 29 3
P 28.5762467887 10.4457362823 0 77 5
P 1.42375321131 19.5542637177 0 77 5
P 5.01698792846 11.4724914564 0 89 2
P 24.9830120715 18.5275085436 0 89 2
