P 15 15 0 27 0
P 2.72952521278 11.5080322927 1 100 5
P 19.2065391886 2.95577241882 2 100 5
P 12.281288098 18.8822661904 0 48 1
P 19.7395423327 15.0111200887 0 48 1
P 2.51097798374 7.94599048722 0 99 5
P 16.4193834166 0.726945952395 0 99 5
P 22.552319699 2.14499631563 0 84 5
P 0.140857873096 13.7774830009 0 84 5
P 20.4834175204 22.4384545142 0 44 5
P 17.9270245475 23.7653294611 0 44 5
P 9.7185315354 12.0658630155 0 7 3
P 15.6402510923 8.99224272085 0 7 3
P 10.1424199774 24.76575779 0 24 1
P 25.7819067942 16.6482095651 0 24 1
P 17.4643148112 6.23735192574 0 19 1
P 6.41583308735 11.9719763578 0 19 1
P 6.24603831411 26.3657873935 0 34 5
P 29.332897811 14.3827410492 0 34 5
P 19.8454399527 28.5497814592 0 38 1
P 23.2918809001 26.760934362 0 38 1
P 7.42041525121 7.85783232335 0 28 4
P 13.5217028483 4.69100870032 0 28 4
P 16.6357620394 6.95789380634 0 47 1
P 7.48193913622 11.7091110125 0 47 1
