P 15 15 0 26 3
P 9.51731948867 18.0139154671 1 100 5
P 20.4826805113 11.9860845329 2 100 5
P 9.47345003708 4.94653031674 0 16 1
P 20.5265499629 25.0534696833 0 16 1
P 22.195732163 5.77162871539 0 27 2
P 7.80426783702 24.2283712846 0 27 2
P 11.520561051 9.19469239742 0 56 3
P 18.479438949 20.8053076026 0 56 3
P 16.3273932805 4.26901245422 0 34 3
P 13.6726067195 25.7309875458 0 34 3
P 5.49719993343 8.60126557176 0 74 3
P 24.5028000666 21.3987344282 0 74 3
P 12.524618914 4.4154383247 0 56 5
P 17.475381086 25.5845616753 0 56 5
