P 15 15 0 73 4
P 26.0042349423 5.3622713456 1 100 5
P 3.99576505771 24.6377286544 2 100 5
P 8.48421540434 7.56036073486 0 96 2
P 21.5157845957 22.4396392651 0 96 2
P 7.42865001208 6.35512971104 0 53 1
P 22.5713499879 23.644870289 0 53 1
P 0.79335987275 10.5371838819 0 58 1
P 29.2066401272 19.4628161181 0 58 1
P 10.600228166 2.49389141455 0 48 3
P 19.399771834 27.5061085855 0 48 3
P 11.8621271744 6.71927538698 0 89 3
P 18.1378728256 23.280724613 0 89 3
P 18.8064860012 7.30897100881 0 85 2
P 11.1935139988 22.6910289912 0 85 2
P 5.08839958131 20.1745717304 0 28 2
P 24.9116004187 9.8254282696 0 28 2
P 10.5027432279 20.0025306357 0 44 2
P 19.4972567721 9.99746936427 0 44 2
P 20.0369667915 23.5484755584 0 7 5
P 9.96303320855 6.45152444155 0 7 5
P 24.6721191756 25.858847801 0 25 1
P 5.32788082438 4.14115219896 0 25 1
P 12.5403097376 2.62256638157 0 74 4
P 17.4596902624 27.3774336184 0 74 4
P 24.7048276343 12.338699074 0 25 4
P 5.2951723657 17.661300926 0 25 4
P 3.06121551327 7.92505872045 0 13 5
P 26.9387844867 22.0749412796 0 13 5
