P 15 15 0 4 0
P 14.1486509486 9.96502784536 1 100 5
P 15.8513490514 20.0349721546 2 100 5
P 5.01201750605 16.6888394137 0 95 3
P 24.987982494 13.3111605863 0 95 3
P 11.5412482619 15.5848304461 0 76 3
P 18.4587517381 14.4151695539 0 76 3
P 19.4544840435 10.5273697622 0 42 3
P 10.5455159565 19.4726302378 0 42 3
P 18.6454753779 8.269417738 0 30 2
P 11.3545246221 21.730582262 0 30 2
P 27.6975539934 14.608800675 0 77 2
P 2.30244600656 15.391199325 0 77 2
P 20.8457814917 16.7607447422 0 27 4
P 9.15421850834 13.2392552578 0 27 4
P 15.6804914447 17.6121513623 0 75 1
P 14.3195085553 12.3878486377 0 75 1
P 26.3032150366 19.911123568 0 92 3
P 3.69678496338 10.088876432 0 92 3
P 22.1780738109 18.1963239428 0 31 4
P 7.82192618914 11.8036760572 0 31 4
P 13.4481529924 25.2003606373 0 60 1
P 16.5518470076 4.79963936268 0 60 1
P 27.525302306 7.89224084055 0 26 2
P 2.47469769399 22.1077591595 0 26 2
P 20.5100985567 23.1145893061 0 56 2
P 9.48990144333 6.8854106939 0 56 2
