P 15 15 0 52 5
P 18.7110152005 28.5829188418 1 100 5
P 22.4825718138 26.9280525289 2 100 5
P 21.9268814461 3.47285944629 0 16 3
P 1.82714562328 12.2921293451 0 16 3
P 3.50198672135 21.5104959653 0 40 1
P 27.5764044785 10.9472333569 0 40 1
P 15.7586337147 11.8911788452 0 62 3
P 12.1986076766 13.4532307425 0 62 3
P 3.73464150429 19.9325400961 0 76 2
P 26.2576890116 10.0499806107 0 76 2
P 24.3493277673 15.3652743005 0 72 5
P 8.93822419827 22.1272876429 0 72 5
P 15.5836157496 7.94353150273 0 55 3
P 9.41213231785 10.651426698 0 55 3
P 8.37592745388 23.8421194193 0 45 3
P 25.9919726706 16.1126318934 0 45 3
P 14.1589534368 23.1439051744 0 5 4
P 21.5623976097 19.8954558954 0 5 4
P 24.2369511574 17.2520838757 0 73 2
P 10.4027757998 23.32217989 0 73 2
P 25.3318139438 14.3760985184 0 72 5
P 7.54505612971 22.1804905348 0 72 5
P 6.03415495864 19.8252866509 0 45 2
P 24.6217279639 11.6695166179 0 45 2
P 21.9763979077 21.5453962526 0 21 5
P 15.0927805895 24.5657582884 0 21 5
P 7.67477021479 10.6492322365 0 85 2
P 16.7583953325 6.66356086854 0 85 2
