P 15 15 0 42 1
P 9.85002979814 19.5507834471 1 100 5
P 20.1499702019 10.4492165529 2 100 5
P 8.62772571489 7.788709226 0 67 5
P 21.3722742851 22.211290774 0 67 5
P 13.2028053259 12.9661745882 0 53 4
P 16.7971946741 17.0338254118 0 53 4
P 7.04379209089 4.88826407979 0 48 3
P 22.9562079091 25.1117359202 0 48 3
P 20.0546933652 3.14896792708 0 34 2
P 9.94530663481 26.8510320729 0 34 2
P 8.3768572626 24.4215791323 0 5 2
P 21.6231427374 5.57842086766 0 5 2
P 20.0914515593 21.7830819368 0 85 5
P 9.90854844074 8.21691806322 0 85 5
P 6.55501852898 20.4558515096 0 56 2
P 23.444981471 9.54414849037 0 56 2
P 17.7957969364 11.0218311236 0 35 5
P 12.2042030636 18.9781688764 0 35 5
P 24.0751230208 15.7615416888 0 86 2
P 5.92487697918 14.2384583112 0 86 2
P 4.86834608851 18.6997680609 0 40 3
P 25.1316539115 11.3002319391 0 40 3
