P 14 14 0 62 0
P 25.418298441 16.8338871984 1 100 5
P 2.58170155901 11.1661128016 2 100 5
P 12.3961824797 20.4621016328 0 16 3
P 15.6038175203 7.53789836718 0 16 3
P 9.77545129949 24.9107198379 0 24 1
P 18.2245487005 3.08928016215 0 24 1
P 18.8146621775 17.2952615974 0 52 1
P 9.18533782249 10.7047384026 0 52 1
P 3.97240682583 15.3151897022 0 33 4
P 24.0275931742 12.6848102978 0 33 4
P 20.1526243654 9.78991289185 0 58 3
P 7.84737563463 18.2100871082 0 58 3
P 8.47041801968 23.1645317384 0 99 3
P 19.5295819803 4.83546826164 0 99 3
P 11.8139368981 16.6225856883 0 74 5
P 16.1860631019 11.3774143117 0 74 5
P 14.165892987 23.3098590465 0 24 4
P 13.834107013 4.69014095355 0 24 4
P 5.09574158275 16.5536117819 0 100 1
P 22.9042584172 11.4463882181 0 100 1
P 21.0655560526 15.8448419736 0 77 1
P 6.93444394741 12.1551580264 0 77 1
P 5.0502422479 12.75390304 0 42 1
P 22.9497577521 15.24609696 0 42 1
P 18.4684355796 8.57352077335 0 41 4
P 9.53156442037 19.4264792266 0 41 4
P 5.11308559949 17.9156095517 0 42 3
P 22.8869144005 10.0843904483 0 42 3
