P 15 15 0 71 0
P 22.7798308582 24.1923489664 1 100 5
P 7.22016914179 5.80765103364 2 100 5
P 7.53341143256 18.2019187949 0 87 2
P 22.4665885674 11.7980812051 0 87 2
P 18.1172490526 8.21516599347 0 79 1
P 11.8827509474 21.7848340065 0 79 1
P 21.0431858833 20.0096023919 0 27 1
P 8.95681411673 9.9903976081 0 27 1
P 17.9346252147 12.4622896014 0 81 5
P 12.0653747853 17.5377103986 0 81 5
P 11.6302137821 14.3484427451 0 25 3
P 18.3697862179 15.6515572549 0 25 3
P 26.0995259769 15.12475198 0 51 4
P 3.90047402312 14.87524802 0 51 4
P 14.9452402998 8.25416316242 0 71 1
P 15.0547597002 21.7458368376 0 71 1
P 22.5179224503 3.54519958965 0 47 1
P 7.48207754972 26.4548004103 0 47 1
P 4.40696103628 22.1513110872 0 90 4
P 25.5930389637 7.84868891285 0 90 4
P 29.6924243428 17.445257002 0 82 3
P 0.307575657238 12.554742998 0 82 3
