P 15 15 0 89 2
P 7.16439784515 23.0708682877 1 100 5
P 24.7488887817 9.38798221945 2 100 5
P 10.5439578685 9.27334028187 0 35 2
P 27.1820495194 20.557496635 0 36 2
P 17.39349515 28.1741899299 0 36 2
P 21.0112994416 13.2849376781 0 19 1
P 11.8603249976 20.4055157593 0 19 1
P 10.3253552312 21.7966087119 0 93 5
P 22.7369363279 12.1388795979 0 93 5
P 22.0106837192 22.2898311979 0 90 2
P 20.3435094279 23.5870968376 0 90 2
P 10.8834089415 1.81994481835 0 87 1
P 3.23569465222 7.77080251906 0 87 1
P 17.7084675362 2.05148212122 0 53 4
P 1.78295818521 14.4434774775 0 53 4
P 3.32800356568 6.25628814359 0 26 2
P 9.3926512976 1.53724997185 0 26 2
P 25.5360729991 14.7157753515 0 85 4
P 12.135380683 25.143154049 0 85 4
P 26.6709678687 6.38166117034 0 22 1
P 3.77793427717 24.1952431228 0 22 1
P 20.2569181914 4.93760133731 0 12 2
P 3.95432818294 17.6230115951 0 12 2
P 27.5544801376 11.5512784383 0 19 3
P 8.5719200662 26.3220333996 0 19 3
P 11.9131905891 4.21339327157 0 62 2
P 5.30269514438 9.35716776873 0 62 2
P 9.0683902728 16.7904300588 0 23 2
P 18.1931489262 9.69025107124 0 23 2
