P 15 15 0 16 3
P 1.00801296497 10.5526307991 1 100 5
P 17.5244837869 0.536882230752 2 100 5
P 21.8255811161 26.2557249794 0 97 4
P 19.1422334146 21.8307502793 0 92 2
P 20.818948948 24.5957381375 0 37 1
P 22.7574308884 27.7923919063 0 86 2
P 17.0894813199 18.4456593052 0 16 4
P 13.3913612885 8.68816524695 0 37 4
P 10.1466933982 10.6557634177 0 37 4
P 6.60943164612 23.9618893871 0 5 2
P 26.8255815899 11.7026194111 0 5 2
P 4.34527310607 15.5345095289 0 53 2
P 20.3993722885 5.79914762042 0 53 2
P 14.4898463473 18.9037197986 0 56 4
P 18.6974041408 16.3522158241 0 56 4
P 7.76008624814 13.8707334773 0 46 1
P 17.3454610401 8.05806896295 0 46 1
P 4.63555793939 7.08158157666 0 77 3
P 12.7696558806 2.14898546169 0 77 3
P 26.9197971464 8.0546314845 0 15 5
P 3.33107181028 22.3590639847 0 15 5
P 24.0276099485 21.8182384841 0 41 1
P 16.8727563684 26.157011293 0 41 1
P 4.9691627448 12.7324943637 0 77 1
P 17.6263133954 5.05707508828 0 77 1
P 13.9823716586 10.1321360135 0 19 4
P 11.1539072221 11.8473443614 0 19 4
P 3.37290642363 19.9096160933 0 87 5
P 24.7284416382 6.95941180582 0 87 5
