P 15 15 0 20 3
P 27.3742407247 20.1051854888 1 100 5
P 2.62575927528 9.89481451123 2 100 5
P 13.3661908018 18.9601202271 0 63 5
P 16.6338091982 11.0398797729 0 63 5
P 11.6800071199 17.0585223401 0 20 4
P 18.3199928801 12.9414776599 0 20 4
P 24.1956608845 10.9887595013 0 13 1
P 5.80433911547 19.0112404987 0 13 1
P 22.3728983266 17.4500617163 0 77 5
P 7.6271016734 12.5499382837 0 77 5
P 9.1559910566 3.6654646916 0 38 3
P 20.8440089434 26.3345353084 0 38 3
P 27.112399489 21.9507987545 0 31 4
P 2.88760051102 8.04920124546 0 31 4
P 9.62638165602 18.365548308 0 87 2
P 20.373618344 11.634451692 0 87 2
P 13.92481396 27.8618017496 0 72 4
P 16.07518604 2.13819825036 0 72 4
P 9.8082055362 16.3095451376 0 46 1
P 20.1917944638 13.6904548624 0 46 1
P 25.8748423354 9.91701415411 0 24 5
P 4.12515766463 20.0829858459 0 24 5
P 6.75732511082 5.30580235364 0 54 1
P 23.2426748892 24.6941976464 0 54 1
P 24.4032984716 21.672116516 0 39 4
P 5.59670152842 8.32788348403 0 39 4
P 0.321217068098 12.1114606866 0 13 3
P 29.6787829319 17.8885393134 0 13 3
