P 15 15 0 88 4
P 18.564737624 7.40062441289 1 100 5
P 11.435262376 22.5993755871 2 100 5
P 5.08007694799 10.3467330933 0 4 2
P 24.919923052 19.6532669067 0 4 2
P 12.6719404357 13.9079469195 0 92 2
P 17.3280595643 16.0920530805 0 92 2
P 23.0232260415 12.7681869255 0 59 1
P 6.97677395849 17.2318130745 0 59 1
P 16.0527390992 3.87609900817 0 22 4
P 13.9472609008 26.1239009918 0 22 4
P 10.1062075127 12.2483781036 0 50 4
P 19.8937924873 17.7516218964 0 50 4
P 21.6686023991 9.40597356678 0 7 3
P 8.33139760089 20.5940264332 0 7 3
P 13.0716652252 11.0889024086 0 11 2
P 16.9283347748 18.9110975914 0 11 2
P 6.46013652449 3.55702128462 0 28 3
P 23.5398634755 26.4429787154 0 28 3
P 11.0621920874 28.4050858882 0 83 3
P 18.9378079126 1.59491411181 0 83 3
P 6.59215942738 10.9320720971 0 13 5
P 23.4078405726 19.0679279029 0 13 5
