P 15 15 0 7 1
P 11.5292581749 1.69801169091 1 100 5
P 18.4707418251 28.3019883091 2 100 5
P 8.23846040763 27.4646981419 0 84 1
P 21.7615395924 2.5353018581 0 84 1
P 27.7314112602 17.744230392 0 66 1
P 2.26858873979 12.255769608 0 66 1
P 7.01315903378 2.45629328381 0 51 2
P 22.9868409662 27.5437067162 0 51 2
P 12.9646120929 12.9855724028 0 74 1
P 17.0353879071 17.0144275972 0 74 1
P 1.19690029217 11.4664544146 0 98 2
P 28.8030997078 18.5335455854 0 98 2
P 0.737575905948 10.4900816613 0 91 3
P 29.2624240941 19.5099183387 0 91 3
P 3.8710782287 14.5211890156 0 12 1
P 26.1289217713 15.4788109844 0 12 1
P 10.4744529267 8.31371919952 0 23 4
P 19.5255470733 21.6862808005 0 23 4
P 23.4525782658 24.8171561744 0 41 4
P 6.54742173422 5.18284382557 0 41 4
P 11.6835217825 13.2127659466 0 89 1
P 18.3164782175 16.7872340534 0 89 1
