P 15 15 0 60 5
P 25.7189135007 25.4676005659 1 100 5
P 14.1900466059 0.0397278185446 2 100 5
P 28.2206916342 9.00580632037 0 36 4
P 26.8239790674 9.63906862404 0 73 2
P 17.5689149516 27.4372380777 0 43 2
P 7.33793774348 4.8719687497 0 43 2
P 13.4573851691 13.2875406977 0 16 4
P 15.2715205801 17.2887669067 0 16 4
P 9.64132398837 12.6303502326 0 85 1
P 13.2511667221 20.592157972 0 85 1
P 8.35905465281 3.53538161514 0 84 4
P 19.247139983 27.5499574414 0 84 4
P 10.4825726703 27.8400447346 0 55 2
P 2.36526822429 9.93665610273 0 55 2
P 3.404973393 13.0680049608 0 65 5
P 8.81240507126 24.9945443041 0 65 5
P 7.68715595242 8.8172103121 0 27 3
P 14.8315521309 24.5747690157 0 27 3
P 5.26149085391 10.5601434796 0 3 4
P 11.9221304116 25.250736808 0 3 4
P 15.2747774407 20.3385088333 0 20 2
P 11.1656108293 11.2754008414 0 20 2
P 23.1074113343 15.538774929 0 61 1
P 19.9372957389 8.54682188737 0 61 1
P 20.762387476 28.5460093998 0 28 1
P 8.60835900537 1.73929091339 0 28 1
P 15.3502062666 1.88972820366 0 68 1
P 25.0919121209 23.3758689548 0 68 1
