P 15 15 0 17 2
P 9.89020857073 3.17605453935 1 100 5
P 27.2725557384 11.0884746768 2 100 5
P 13.9096471291 22.4284134446 0 58 3
P 10.114021547 20.7006499844 0 58 3
P 17.617647995 29.4045440182 0 27 3
P 2.41795868533 22.4856666873 0 27 3
P 22.9951849632 15.6395979697 0 72 5
P 9.26707118636 9.39057976473 0 72 5
P 26.7163364498 7.38664844683 0 27 5
P 13.0471680541 1.16446209694 0 27 5
P 13.3280927738 3.06047129154 0 4 4
P 25.1019994239 8.41993714364 0 4 4
P 27.6783760983 20.9281348138 0 93 3
P 2.20325794919 9.33189663589 0 93 3
