P 15 15 0 72 1
P 8.49880100676 20.6768880536 1 100 5
P 21.5011989932 9.32311194635 2 100 5
P 6.47788371272 5.24043220449 0 100 2
P 23.5221162873 24.7595677955 0 100 2
P 11.3270121325 10.7936769581 0 38 1
P 18.6729878675 19.2063230419 0 38 1
P 16.9264634315 1.12425508849 0 11 2
P 13.0735365685 28.8757449115 0 11 2
P 8.87113085741 26.813256954 0 6 3
P 21.1288691426 3.186743046 0 6 3
P 18.9964851433 10.1152825206 0 88 1
P 11.0035148567 19.8847174794 0 88 1
P 2.30640213274 18.6614492527 0 26 5
P 27.6935978673 11.3385507473 0 26 5
P 6.20526146966 12.7703255554 0 28 3
P 23.7947385303 17.2296744446 0 28 3
P 2.7669805298 21.1508947748 0 13 5
P 27.2330194702 8.84910522521 0 13 5
P 6.20301574686 22.2847990437 0 17 1
P 23.7969842531 7.71520095631 0 17 1
