P 15 15 0 29 2
P 4.27013037616 24.7231375517 1 100 5
P 25.7298696238 5.27686244828 2 100 5
P 6.88818548141 6.04828953264 0 67 3
P 23.1118145186 23.9517104674 0 67 3
P 8.75425789092 8.10757477428 0 42 4
P 21.2457421091 21.8924252257 0 42 4
P 11.5301886491 12.04689283 0 52 4
P 18.4698113509 17.95310717 0 52 4
P 19.9305247106 6.62815734818 0 3 2
P 10.0694752894 23.3718426518 0 3 2
P 2.80232785927 8.56098206503 0 48 2
P 27.1976721407 21.439017935 0 48 2
P 16.4985948807 1.82154502952 0 66 5
P 13.5014051193 28.1784549705 0 66 5
P 16.8492143329 16.5581891316 0 1 3
P 13.1507856671 13.4418108684 0 1 3
P 23.953608909 6.26549032837 0 92 4
P 6.04639109102 23.7345096716 0 92 4
P 12.5823752355 22.3710826948 0 14 4
P 17.4176247645 7.62891730522 0 14 4
P 27.0831669009 23.6637342336 0 20 1
P 2.91683309913 6.33626576638 0 20 1
P 9.56477186765 11.7024007011 0 6 5
P 20.4352281323 18.2975992989 0 6 5
