P 15 15 0 8 5
P 23.1375337817 4.42693803291 1 100 5
P 26.6740203772 21.4595931483 2 100 5
P 1.98779865997 17.7017206246 0 68 1
P 13.7667813797 15.2560529225 0 66 3
P 20.8388714403 2.08783005806 0 67 3
P 25.4965514955 24.5204495171 0 67 3
P 5.37536683718 17.5350297684 0 98 2
P 5.16172014315 16.5060507641 0 98 2
P 3.70827139799 13.7270439881 0 17 1
P 5.14837144015 20.6629468078 0 17 1
P 12.9651908012 1.81647321654 0 99 3
P 18.3817114514 27.9038697523 0 99 3
P 18.28336772 17.717202368 0 92 3
P 16.9302631088 11.2002925607 0 92 3
P 11.3863458078 6.71683074497 0 92 5
P 14.9825486162 24.0370949413 0 92 5
