P 15 15 0 10 5
P 10.0358045847 9.34079732954 1 100 5
P 19.9641954153 20.6592026705 2 100 5
P 9.02049651504 20.2451600542 0 61 5
P 20.979503485 9.75483994575 0 61 5
P 3.72694121473 24.8886132901 0 22 3
P 26.2730587853 5.11138670989 0 22 3
P 10.5853901296 6.94137323385 0 51 1
P 19.4146098704 23.0586267661 0 51 1
P 1.76426682499 9.13818533209 0 83 1
P 28.235733175 20.8618146679 0 83 1
P 22.2378080035 24.9857521784 0 39 4
P 7.76219199648 5.01424782163 0 39 4
P 26.5511417822 10.6490668792 0 6 3
P 3.44885821778 19.3509331208 0 6 3
P 18.7708205623 20.1446528308 0 98 4
P 11.2291794377 9.85534716921 0 98 4
P 16.2002278575 7.95946638784 0 88 4
P 13.7997721425 22.0405336122 0 88 4
