P 15 15 0 56 5
P 4.42694633424 23.4064298179 1 100 5
P 25.5730536658 6.59357018209 2 100 5
P 12.7523399715 12.173041277 0 37 4
P 17.2476600285 17.826958723 0 37 4
P 9.76840068482 8.42003900404 0 96 1
P 20.2315993152 21.579960996 0 96 1
P 17.8197779827 21.1536303303 0 23 5
P 12.1802220173 8.84636966966 0 23 5
P 1.16954034412 16.4317731583 0 1 5
P 28.8304596559 13.5682268417 0 1 5
P 20.4145083984 2.57568403645 0 12 4
P 9.58549160165 27.4243159636 0 12 4
P 23.309594939 11.4320686254 0 51 3
P 6.69040506096 18.5679313746 0 51 3
P 11.6050657905 16.6738817448 0 44 2
P 18.3949342095 13.3261182552 0 44 2
P 28.0721520916 7.77130810083 0 59 4
P 1.92784790838 22.2286918992 0 59 4
P 21.0443120776 5.09628969086 0 1 4
P 8.95568792238 24.9037103091 0 1 4
P 7.66277826994 2.37632491394 0 14 1
P 22.3372217301 27.6236750861 0 14 1
